1.104171
0.169558
0.167089
0.113718
0.145736
0.134540
0.125370
0.151070
0.134686
0.147538
0.138363
0.135901
0.116637
0.137730
0.252736
0.239502
0.121193
0.153719
0.162840
0.142844
0.115955
0.135886
0.140142
0.127380
0.156090
0.128059
0.132510
0.140728
0.142781
0.142345
0.133844
0.131747
0.148954
0.130666
0.124762
0.139271
0.147902
0.113454
0.156443
0.136127
0.170264
0.151235
0.159236
0.144995
0.145424
0.141501
0.149828
0.147715
0.100559
0.139682
0.135838
0.126278
0.124477
0.115353
0.160213
0.151505
0.140462
0.168421
0.122095
0.132183
0.109839
0.164546
0.146011
0.137638
0.152831
0.123227
0.110730
0.157938
0.130504
0.151486
0.131969
0.163840
0.172818
0.147323
0.149331
0.161535
0.174020
0.147716
0.174596
0.182392
0.154436
0.156104
0.164362
0.145808
0.136324
0.153318
0.128823
0.119882
0.142615
0.178138
0.157493
0.144210
0.169449
0.568776
0.327213
0.742028
0.229818
0.153221
0.163273
0.146894
0.176718
0.163161
0.157765
0.142771
0.189912
0.145828
0.107361
0.167395
0.148190
0.164133
0.152522
0.160554
0.138746
0.217500
0.157894
0.225113
0.138636
0.125788
0.183670
0.197972
0.103985
0.156764
0.139182
0.194878
0.179189
0.125508
0.150006
0.127113
0.191167
0.164375
0.121303
0.208575
0.145216
0.173102
0.177774
0.148426
0.151100
0.162998
0.185057
0.099594
0.147395
0.119839
0.154073
0.130844
0.125697
0.157303
0.121736
0.116197
0.141375
0.137695
0.107124
0.151353
0.158636
0.185766
0.131909
0.127778
0.153359
0.157753
0.197760
0.152405
0.185708
0.156884
0.152494
0.134457
0.168950
0.511986
0.365996
0.177377
0.179638
0.152735
0.168090
0.140730
0.138618
0.173488
0.180412
0.133525
0.123544
0.118848
0.131821
0.154122
0.194778
0.138338
0.136925
0.182299
0.165767
0.136051
0.172611
0.142626
0.155646
0.181268
0.140710
0.116641
0.171025
0.142087
0.145895
0.186948
0.138531
0.147726
0.144506
0.118608
0.149273
0.144630
0.151977
0.127333
0.179584
0.191395
0.278972
0.163669
0.167251
0.230655
0.169369
0.194378
0.231790
0.211698
0.119927
0.142152
0.120606
0.118693
0.177140
0.223314
0.182312
0.122350
0.147018
0.156156
0.126258
0.143370
0.151623
0.147220
0.120962
0.143719
0.148905
0.136132
0.408981
0.169840
0.120324
0.108466
0.350371
0.216658
0.132340
0.121528
0.129361
0.129500
0.117833
0.137930
0.111412
0.132068
0.138310
0.140998
0.134986
0.130439
0.128989
0.133239
0.148791
0.124034
0.120701
0.125194
0.140844
0.121852
0.128392
0.116724
0.137085
0.126478
0.118472
0.136892
0.143382
0.133503
0.142029
0.142319
0.181133
0.137362
0.147854
0.146315
0.151154
0.160160
0.163955
0.185218
0.169067
0.177786
0.134553
0.153546
0.122430
0.145480
0.204814
0.153432
0.153901
0.136105
0.161818
0.170087
0.144173
0.133245
0.144471
0.146014
0.185860
0.149403
0.128649
0.144833
0.152211
0.158970
0.159962
0.154705
0.143636
0.155500
0.144646
0.127064
0.164616
0.140511
0.176326
0.156460
0.156106
0.159599
0.136141
0.140904
0.161439
0.126416
0.360636
0.336891
0.164132
0.124839
0.189899
0.144422
0.195853
0.214152
0.161108
0.185264
0.186772
0.177997
0.128898
0.128507
0.165681
0.202904
0.203313
0.184664
0.227655
0.115696
0.136608
0.169247
0.174117
0.117905
0.157611
0.146525
0.186241
0.162425
0.225459
0.144086
0.119972
0.133118
0.118181
0.138584
0.128711
0.118784
0.121814
0.150678
0.171372
0.162329
0.160323
0.358973
0.188059
0.185490
0.155570
0.181012
0.222036
0.169502
0.119136
0.117738
0.176145
0.164684
0.192564
0.141242
0.168913
0.143893
0.108696
0.318901
0.234912
0.172158
0.127452
0.129607
0.114128
0.118922
0.129557
0.125136
0.129350
0.132642
0.139474
0.146165
0.151730
0.114883
0.153054
0.122440
0.132724
0.159250
0.118300
0.120220
0.142602
0.139386
0.141030
0.129031
0.131877
0.146535
0.126284
0.132200
0.116524
0.091483
0.151398
0.150367
0.129413
0.129208
0.134162
0.135563
0.133151
0.139796
0.124468
0.124008
0.121909
0.143430
0.113438
0.136545
0.131590
0.159083
0.127910
0.118950
0.127466
0.127978
0.115585
0.123461
0.110835
0.117663
0.132483
0.138054
0.111802
0.120197
0.115070
0.121963
0.136154
0.116143
0.148969
0.123778
0.176217
0.123908
0.148543
0.150970
0.143832
0.166837
0.110606
0.106029
0.136329
0.140169
0.144118
0.166333
0.185470
0.132740
0.141658
0.136387
0.180840
0.137730
0.198557
0.347633
0.127888
0.152557
0.147619
0.116645
0.121987
0.126045
0.113696
0.110830
0.113235
0.142597
0.131848
0.133101
0.147499
0.110920
0.134550
0.151078
0.150869
0.133679
0.160139
0.130908
0.131584
0.120908
0.118248
0.139855
0.134710
0.119353
0.139048
0.153413
0.150322
0.139246
0.152177
0.132661
0.128564
0.135517
0.116164
0.116835
0.133996
0.128471
0.258978
0.228629
0.144839
0.144969
0.129509
0.137769
0.153181
0.146812
0.125949
0.128911
0.152951
0.156545
0.112802
0.160241
0.144250
0.250816
0.137842
0.208876
0.220289
0.156058
0.187214
0.145118
0.162363
0.123419
0.176583
0.143436
0.212189
0.158798
0.148276
0.129008
0.149874
0.159179
0.135249
0.154272
0.102305
0.176850
0.130795
0.148882
0.139580
0.496570
0.266340
0.235078
0.183418
0.248734
0.243396
0.206823
0.199951
0.135600
0.140151
0.118719
0.100669
0.126732
0.133710
0.135884
0.134577
0.116726
0.119744
0.108029
0.123946
0.133679
0.122313
0.133371
0.133365
0.111989
0.126748
0.108257
0.119756
0.142338
0.125011
0.130822
0.122702
0.135668
0.154597
0.117593
0.113699
0.138925
0.137051
0.153166
0.188427
0.148788
0.112849
0.132576
0.167245
0.155553
0.138868
0.145873
0.141147
0.114756
0.117486
0.109822
0.149328
0.137080
0.115260
0.142614
0.144256
0.139078
0.121851
0.115598
0.131839
0.125994
0.160704
0.115367
0.130790
0.098742
0.129364
0.144121
0.106269
0.126167
0.140409
0.118203
0.266308
0.312280
0.141059
0.123267
0.125542
0.120174
0.114501
0.122626
0.135640
0.141198
0.129621
0.137191
0.104016
0.107310
0.135577
0.117922
0.137051
0.116891
0.118597
0.129761
0.126828
0.110619
0.137231
0.134505
0.102805
0.121342
0.389189
0.149453
0.143004
0.162189
0.129480
0.118952
0.118251
0.122767
0.128663
0.120984
0.140120
0.098382
0.126793
0.142624
0.154533
0.172250
0.149592
0.131597
0.155317
0.137461
0.153552
0.131466
0.139168
0.123158
0.129917
0.107993
0.131868
0.126600
0.137186
0.116900
0.113530
0.132094
0.137415
0.139606
0.148654
0.127700
0.126174
0.121562
0.118216
0.138716
0.109494
0.128847
0.117178
0.106195
0.146416
0.120468
0.118943
0.118295
0.123151
0.115708
0.109752
0.139003
0.145973
0.127927
0.617919
0.147926
0.156685
0.133645
0.129239
0.097025
0.111822
0.124540
0.123934
0.121539
0.144446
0.145474
0.118537
0.129462
0.139349
0.133250
0.134926
0.103955
0.124561
0.160570
0.093955
0.135698
0.124636
0.141471
0.141203
0.130894
0.129494
0.129310
0.122062
0.148810
0.127789
0.150236
0.138189
0.131156
0.118548
0.143013
0.115274
0.173581
0.169386
0.123259
0.133872
0.154942
0.127730
0.142031
0.134905
0.134423
0.146453
0.147885
0.145291
0.139931
0.139397
0.153853
0.128634
0.142484
0.130218
0.124771
0.167047
0.150488
0.135436
0.124688
0.110803
0.111556
0.146664
0.143167
0.132258
0.123598
0.120951
0.131757
0.131031
0.118597
0.140513
0.373618
0.247770
0.140661
0.176717
0.130788
0.475515
0.142021
0.145462
0.124922
0.135031
0.130229
0.156399
0.127684
0.108964
0.124500
0.121688
0.156319
0.130470
0.118490
0.123689
0.117173
0.142785
0.120625
0.151131
0.104824
0.107149
0.120681
0.125367
0.150159
0.110392
0.129137
0.133812
0.131467
0.151494
0.174656
0.117090
0.114410
0.138414
0.147968
0.120639
0.126199
0.127167
0.106450
0.119893
0.119656
0.134351
0.128753
0.122677
0.129505
0.145715
0.133483
0.138628
0.133691
0.112727
0.110589
0.127104
0.128600
0.124216
0.114925
0.128749
0.115747
0.112393
0.119099
0.143884
0.130069
0.120560
0.111759
0.376554
0.310969
0.137963
0.148767
0.119103
0.137807
0.111762
0.129979
0.116717
0.155834
0.112455
0.143933
0.135265
0.127714
0.117078
0.125089
0.117368
0.122654
0.121362
0.112581
0.112112
0.142155
0.128894
0.116131
0.118107
0.101940
0.134568
0.108621
0.135622
0.184294
0.144132
0.126970
0.139978
0.160719
0.132413
0.131081
0.139200
0.115857
0.137116
0.147982
0.142987
0.121944
0.135875
0.129770
0.136027
0.120213
0.111539
0.129889
0.123801
0.121326
0.111820
0.121255
0.140393
0.140616
0.148416
0.140705
0.146441
0.121150
0.136727
0.102098
0.106059
0.111925
0.127873
0.137245
0.140533
0.125178
0.451908
0.165033
0.125437
0.436687
0.136881
0.128906
0.126539
0.135165
0.119125
0.125057
0.121585
0.121612
0.115965
0.136897
0.141863
0.121276
0.131145
0.136339
0.159094
0.128224
0.148240
0.122639
0.102940
0.120077
0.137910
0.116492
0.120748
0.136708
0.142231
0.130334
0.127074
0.110906
0.147619
0.112968
0.123431
0.121921
0.141678
0.139056
0.123821
0.127502
0.129386
0.127767
0.134456
0.141441
0.124370
0.111897
0.123956
0.130163
0.135305
0.132060
0.112963
0.126033
0.133126
0.120979
0.122803
0.121951
0.107911
0.119784
0.137448
0.127199
0.121007
0.145302
0.144794
0.133770
0.145332
0.125064
0.120761
0.137689
0.149278
0.137746
0.162137
0.144859
0.147804
0.140564
0.133010
0.111458
0.132481
0.420980
0.279898
0.128541
0.122383
0.147244
0.131126
0.152187
0.130603
0.124078
0.113497
0.118491
0.110706
0.125710
0.124119
0.095276
0.127246
0.133948
0.142123
0.117383
0.129426
0.129395
0.159973
0.119490
0.124668
0.152425
0.123798
0.111762
0.133359
0.124151
0.114959
0.114704
0.115068
0.133369
0.132087
0.123809
0.116403
0.112996
0.134486
0.145932
0.135583
0.164156
0.113170
0.140531
0.129891
0.135835
0.136223
0.099252
0.122144
0.144672
0.128795
0.115136
0.136422
0.111758
0.119277
0.126064
0.107514
0.127217
0.129427
0.097585
0.126790
0.411967
0.175403
0.144820
0.142901
0.124899
0.299385
0.123232
0.101136
0.146213
0.131562
0.128867
0.124609
0.106594
0.137145
0.128993
0.139753
0.154887
0.144369
0.122397
0.171974
0.101910
0.095629
0.100129
0.124127
0.142639
0.128604
0.137303
0.133999
0.106781
0.126600
0.122499
0.127323
0.144596
0.145622
0.111011
0.134021
0.129366
0.147864
0.119018
0.115465
0.136410
0.157915
0.141960
0.148226
0.122981
0.118620
0.115092
0.127395
0.123283
0.136873
0.147449
0.127730
0.128609
0.126268
0.125310
0.136348
0.160040
0.128892
0.144164
0.157078
0.124723
0.112081
0.127305
0.115131
0.116391
0.133798
0.116162
0.128728
0.119085
0.111699
0.122333
0.148635
0.118180
0.128257
0.112390
0.132297
0.149070
0.114315
0.124610
0.364931
0.334623
0.128511
0.103217
0.115850
0.120190
0.119238
0.138015
0.148327
0.118764
0.115457
0.124655
0.149138
0.141568
0.127325
0.120648
0.144373
0.156156
0.107209
0.121751
0.139943
0.116078
0.156099
0.108212
0.131527
0.127200
0.149149
0.110620
0.110749
0.135740
0.138510
0.157550
0.146710
0.133857
0.146924
0.096433
0.098281
0.120237
0.118118
0.132488
0.127454
0.133562
0.108743
0.124060
0.138024
0.127715
0.113594
0.124223
0.127145
0.156631
0.119539
0.136941
0.127003
0.132943
0.273097
0.247333
0.133408
0.139994
0.119958
0.123794
0.094881
0.100473
0.127830
0.120617
0.152766
0.103792
0.138278
0.125882
0.114544
0.133571
0.128124
0.143927
0.127976
0.139208
0.129811
0.102059
0.119994
0.129305
0.104120
0.137958
0.130183
0.110958
0.314561
0.368378
0.124580
0.143415
0.136422
0.118867
0.112546
0.118465
0.158135
0.137795
0.133525
0.135860
0.149201
0.133800
0.122246
0.128026
0.139066
0.137575
0.148146
0.152862
0.118275
0.139118
0.139954
0.109721
0.149605
0.151744
0.124808
0.142392
0.107244
0.120035
0.111088
0.104420
0.144457
0.151869
0.169885
0.133001
0.136455
0.122928
0.137719
0.119775
0.128825
0.147196
0.099776
0.140836
0.145327
0.146775
0.146154
0.148307
0.143341
0.145018
0.137263
0.122026
0.136123
0.112635
0.130232
0.129363
0.169033
0.119211
0.143495
0.123404
0.125670
0.121030
0.137279
0.126193
0.145800
0.392130
0.235950
0.137300
0.158884
0.139629
0.131700
0.129791
0.129988
0.117986
0.123721
0.127290
0.131865
0.136311
0.118725
0.116215
0.126289
0.126963
0.133477
0.133395
0.137269
0.140561
0.169360
0.101825
0.141725
0.114895
0.126212
0.137908
0.150471
0.112360
0.117564
0.130056
0.133332
0.143193
0.179401
0.129842
0.153531
0.119427
0.142324
0.130869
0.108872
0.133543
0.132832
0.119286
0.132649
0.135809
0.534033
0.122480
0.143199
0.145099
0.151596
0.118799
0.137645
0.123925
0.112642
0.141239
0.130661
0.118150
0.141122
0.163667
0.126210
0.165638
0.134401
0.168041
0.129406
0.151799
0.138735
0.123357
0.130578
0.140742
0.323532
0.327549
0.139642
0.128767
0.124372
0.109854
0.132817
0.110171
0.170495
0.135146
0.121046
0.136154
0.164310
0.124484
0.129589
0.107315
0.129139
0.121481
0.106838
0.154446
0.117425
0.117149
0.131857
0.148170
0.108600
0.119736
0.132081
0.137328
0.147592
0.139040
0.111894
0.126667
0.126295
0.125483
0.135261
0.123493
0.147966
0.127315
0.150788
0.131691
0.125069
0.123243
0.122890
0.119534
0.146980
0.163195
0.154251
0.144390
0.119602
0.137191
0.126486
0.152745
0.133103
0.136771
0.146474
0.152316
0.137603
0.130940
0.123097
0.127949
0.160096
0.139702
0.145962
0.105358
0.425755
0.174219
0.118626
0.136244
0.154776
0.112836
0.104151
0.124916
0.138143
0.125073
0.184715
0.122301
0.144870
0.098308
0.097820
0.116537
0.113843
0.151992
0.134932
0.113123
0.143809
0.116654
0.113676
0.127949
0.143262
0.127977
0.144606
0.109956
0.124395
0.120171
0.126970
0.100151
0.115352
0.120057
0.129006
0.114248
0.127895
0.126307
0.133330
0.141163
0.105839
0.418677
0.205722
0.129954
0.142044
0.123070
0.165176
0.122631
0.145666
0.141995
0.111946
0.127252
0.174721
0.157742
0.151405
0.132207
0.144254
0.127262
0.147496
0.167713
0.106896
0.122140
0.133508
0.144591
0.107586
0.148047
0.154813
0.112099
0.126491
0.127817
0.126308
0.316334
0.220217
0.211068
0.135126
0.118583
0.144587
0.131902
0.143565
0.142293
0.124434
0.134952
0.126452
0.115735
0.159556
0.103601
0.129558
0.130874
0.159383
0.187177
0.149047
0.122011
0.141586
0.112358
0.138312
0.131315
0.132190
0.136669
0.121729
0.144129
0.143676
0.136208
0.132686
0.131965
0.108237
0.121615
0.110197
0.136689
0.134367
0.136321
0.153682
0.137522
0.126796
0.118750
0.135861
0.130037
0.161328
0.139053
0.145832
0.133639
0.122339
0.147973
0.133473
0.129525
0.128173
0.118913
0.150068
0.120741
0.165026
0.126521
0.142595
0.128858
0.131839
0.126703
0.146285
0.139050
0.123313
0.117945
0.119197
0.151491
0.297228
0.184836
0.137087
0.145176
0.141345
0.224269
0.153838
0.187863
0.145362
0.148322
0.177425
0.153275
0.144222
0.122846
0.113571
0.122978
0.122488
0.132727
0.155836
0.138693
0.118125
0.113153
0.111080
0.160162
0.148201
0.138110
0.148345
0.136804
0.137592
0.172569
0.139421
0.160179
0.124065
0.125366
0.140628
0.129532
0.215745
0.339463
0.154949
0.122698
0.146771
0.137304
0.147062
0.161451
0.127776
0.159233
0.136622
0.126485
0.114693
0.122460
0.122124
0.159025
0.110049
0.126954
0.157229
0.143971
0.137761
0.109209
0.131237
0.110259
0.128644
0.146538
0.110766
0.123744
0.119451
0.126469
0.144327
0.136327
0.125906
0.107960
0.356089
0.235320
0.116384
0.132279
0.140024
0.107261
0.131171
0.127098
0.142112
0.143124
0.145046
0.121782
0.120971
0.108118
0.129899
0.130338
0.125164
0.118762
0.110357
0.126895
0.094184
0.140349
0.103291
0.115751
0.093992
0.157333
0.109526
0.147883
0.120364
0.150124
0.122706
0.152217
0.131620
0.099617
0.109745
0.100554
0.114084
0.124036
0.118928
0.132830
0.108522
0.124742
0.120880
0.152997
0.129880
0.128824
0.128888
0.115257
0.129084
0.123363
0.130898
0.179838
0.149121
0.152738
0.156845
0.133352
0.149601
0.132711
0.113664
0.105608
0.133443
0.120390
0.140124
0.121279
0.111530
0.122685
0.136986
0.486406
0.190253
0.132570
0.137296
0.121299
0.135141
0.118240
0.125041
0.122206
0.118251
0.137771
0.117759
0.125371
0.143616
0.134393
0.124410
0.124073
0.135444
0.115601
0.145321
0.154074
0.115321
0.116277
0.120146
0.129986
0.151606
0.120137
0.139879
0.116428
0.138266
0.125896
0.122460
0.449727
0.103448
0.130184
0.123175
0.180588
0.112203
0.131961
0.120695
0.122895
0.105044
0.139283
0.131796
0.124736
0.135132
0.140393
0.103629
0.118101
0.138298
0.123115
0.149439
0.155236
0.141681
0.108541
0.135561
0.190936
0.129788
0.131145
0.132356
0.130150
0.141313
0.137643
0.114568
0.125489
0.140538
0.400172
0.359100
0.147348
0.125656
0.110235
0.129165
0.117668
0.118969
0.129736
0.184647
0.148244
0.145649
0.142577
0.138647
0.144035
0.136204
0.140631
0.161486
0.169784
0.134229
0.150431
0.152973
0.130549
0.132472
0.134538
0.128952
0.153729
0.166962
0.117395
0.151691
0.144531
0.140264
0.142044
0.143987
0.121452
0.111339
0.130147
0.121427
0.108600
0.141942
0.119981
0.131011
0.118686
0.122537
0.116793
0.122033
0.121063
0.114420
0.128995
0.139480
0.161304
0.102876
0.134581
0.133659
0.118193
0.135260
0.124448
0.135184
0.116084
0.126460
0.109907
0.128958
0.134921
0.112856
0.129816
0.113590
0.124519
0.109178
0.141836
0.120405
0.114896
0.114242
0.131386
0.116098
0.144825
0.286589
0.417689
0.150479
0.122905
0.113343
0.130969
0.154057
0.143322
0.128068
0.142617
0.142656
0.145052
0.123197
0.142544
0.141637
0.113688
0.131878
0.131834
0.137213
0.135362
0.131635
0.102607
0.168419
0.143251
0.322475
0.260065
0.128240
0.127462
0.131590
0.117320
0.130541
0.145842
0.115597
0.140751
0.119356
0.103203
0.153783
0.124789
0.137317
0.132258
0.116254
0.140840
0.129374
0.139669
0.122212
0.107892
0.144486
0.125972
0.143800
0.131490
0.140321
0.145902
0.130383
0.137130
0.148400
0.161090
0.109150
0.113862
0.118202
0.142508
0.154366
0.134745
0.152272
0.144115
0.130534
0.149515
0.106853
0.116834
0.134260
0.118666
0.123314
0.137688
0.125181
0.384310
0.402952
0.144670
0.153990
0.129752
0.114577
0.150715
0.129457
0.133125
0.111142
0.144828
0.136474
0.130271
0.130601
0.134159
0.144106
0.136893
0.113920
0.121040
0.120712
0.143488
0.114280
0.115902
0.123211
0.145384
0.155742
0.117304
0.154565
0.137314
0.138218
0.130253
0.132580
0.138752
0.134397
0.112693
0.145057
0.122189
0.118714
0.111624
0.129151
0.119356
0.144038
0.139819
0.158088
0.137005
0.122572
0.125002
0.109198
0.135256
0.137180
0.141887
0.135127
0.104307
0.140355
0.138291
0.142139
0.136545
0.135239
0.142829
0.132965
0.134042
0.128025
0.160943
0.125356
0.148344
0.144793
0.121992
0.145674
0.421750
0.237368
0.119121
0.142360
0.098030
0.119273
0.129331
0.136571
0.162662
0.114011
0.173955
0.151548
0.149291
0.438130
0.239255
0.146470
0.157989
0.132699
0.152061
0.169117
0.114525
0.149498
0.130673
0.150249
0.138940
0.152339
0.126103
0.130526
0.133260
0.145417
0.133950
0.139316
0.125191
0.137255
0.151572
0.103095
0.173337
0.122112
0.188682
0.119819
0.144182
0.127580
0.104020
0.120184
0.111566
0.125498
0.121244
0.131388
0.144985
0.113187
0.130128
0.121422
0.133907
0.119687
0.120830
0.115481
0.111297
0.136730
0.136781
0.154257
0.154269
0.210290
0.146198
0.177811
0.162704
0.142734
0.176714
0.177487
0.185524
0.156971
0.141940
0.380201
0.345424
0.130788
0.123385
0.140322
0.141655
0.135211
0.106860
0.123144
0.144667
0.127986
0.152285
0.131714
0.127502
0.122013
0.135169
0.201115
0.155767
0.156949
0.134473
0.148385
0.170176
0.188383
0.150279
0.149787
0.127872
0.129872
0.157203
0.144189
0.144953
0.137358
0.123172
0.131802
0.124924
0.145783
0.125136
0.139982
0.131343
0.146912
0.140307
0.138014
0.146417
0.125995
0.138159
0.175484
0.132426
0.174024
0.146482
0.123403
0.134499
0.140962
0.139663
0.202867
0.160418
0.182302
0.340140
0.288822
0.249568
0.193186
0.098729
0.128877
0.161380
0.132477
0.145279
0.171531
0.145830
0.148360
0.160990
0.137827
0.134935
0.116364
0.112889
0.130937
0.281434
0.202031
0.130721
0.131469
0.277625
0.301440
0.138002
0.114273
0.117057
0.154496
0.128623
0.109329
0.121967
0.106228
0.152582
0.132425
0.167070
0.157505
0.153624
0.156807
0.139280
0.108784
0.128890
0.113822
0.124619
0.135395
0.139133
0.167611
0.143669
0.110917
0.120596
0.133520
0.112912
0.122044
0.126627
0.117061
0.108236
0.100602
0.119181
0.129177
0.133880
0.115864
0.135405
0.119663
0.133122
0.121522
0.107954
0.107776
0.117758
0.098448
0.109528
0.132774
0.128312
0.135621
0.126697
0.143846
0.128656
0.151312
0.169633
0.148043
0.141011
0.122319
0.140707
0.141616
0.125250
0.140626
0.120046
0.119422
0.142997
0.322445
0.275122
0.159244
0.140559
0.138275
0.153741
0.139260
0.127242
0.132141
0.120838
0.140419
0.128561
0.126752
0.146031
0.122955
0.144343
0.151543
0.127750
0.118841
0.140650
0.123717
0.115688
0.159999
0.165996
0.131278
0.141555
0.144888
0.130175
0.123541
0.158242
0.135076
0.160580
0.128349
0.170481
0.141982
0.132767
0.131041
0.139231
0.151398
0.129947
0.128488
0.127618
0.150856
0.136190
0.139449
0.118701
0.118185
0.123408
0.121513
0.122090
0.121849
0.136462
0.124504
0.131870
0.145954
0.148937
0.164380
0.116245
0.120851
0.109002
0.117574
0.110371
0.167280
0.142705
0.145953
0.151893
0.168365
0.148343
0.320512
0.313796
0.118254
0.320381
0.380098
0.140348
0.130158
0.146360
0.138915
0.146872
0.112518
0.118059
0.153832
0.126735
0.111204
0.134280
0.125821
0.128162
0.120839
0.136260
0.133105
0.164873
0.134377
0.129111
0.123791
0.126407
0.155293
0.139845
0.178952
0.163668
0.112632
0.136006
0.147639
0.131917
0.152020
0.160536
0.164547
0.134191
0.140230
0.167607
0.141040
0.161035
0.119757
0.156390
0.154174
0.125847
0.151453
0.133203
0.131608
0.132086
0.134746
0.145028
0.116195
0.119234
0.131953
0.151940
0.116369
0.127148
0.143282
0.124770
0.131236
0.110050
0.095032
0.128088
0.161569
0.155532
0.188991
0.158370
0.177918
0.207389
0.217680
0.210109
0.138412
0.138154
0.137984
0.147903
0.151344
0.154301
0.138368
0.132170
0.119740
0.141659
0.128652
0.132064
0.133631
0.127680
0.117437
0.114208
0.139754
0.129457
0.118570
0.112113
0.129132
0.092622
0.138625
0.140313
0.155861
0.127395
0.116019
0.161257
0.144601
0.122580
0.142062
0.170064
0.121022
0.143213
0.159493
0.150588
0.110898
0.129191
0.141799
0.118964
0.139671
0.120849
0.131462
0.113295
0.137921
0.161434
0.121061
0.124377
0.130889
0.135665
0.140518
0.134812
0.117788
0.126410
0.131999
0.126283
0.128890
0.123153
0.359579
0.136014
0.162681
0.117093
0.136755
0.126528
0.104900
0.127703
0.104849
0.116904
0.131755
0.160850
0.139282
0.133964
0.145666
0.120053
0.098741
0.124602
0.115835
0.132536
0.571251
0.244654
0.145809
0.131071
0.126488
0.131128
0.124127
0.143712
0.144181
0.156994
0.140115
0.122115
0.116589
0.135965
0.123590
0.123914
0.124383
0.125869
0.156302
0.109284
0.128470
0.133707
0.151927
0.146443
0.124480
0.163794
0.120853
0.178211
0.137260
0.124758
0.122791
0.121053
0.131827
0.115594
0.122588
0.117769
0.125092
0.109139
0.116067
0.132665
0.147141
0.188298
0.130024
0.136440
0.153640
0.129717
0.139883
0.139014
0.138194
0.117909
0.154944
0.114136
0.126161
0.135827
0.128004
0.130228
0.117593
0.136622
0.111003
0.125877
0.146994
0.129649
0.118901
0.131523
0.161679
0.146875
0.127500
0.164570
0.132398
0.132819
0.123485
0.215384
0.339769
0.246473
0.143883
0.189314
0.142240
0.148634
0.135950
0.133664
0.152108
0.168528
0.156391
0.131240
0.152721
0.141960
0.122590
0.150197
0.118994
0.150605
0.128870
0.123986
0.162569
0.171046
0.153409
0.153378
0.184981
0.140659
0.190861
0.167638
0.172925
0.153928
0.130960
0.144016
0.127982
0.123160
0.119955
0.156600
0.150367
0.178750
0.152110
0.129565
0.123902
0.278152
0.306301
0.180654
0.165592
0.141951
0.166014
0.150211
0.126313
0.141729
0.173366
0.165606
0.150254
0.155953
0.153352
0.141568
0.154565
0.128409
0.125420
0.161625
0.130421
0.180177
0.169251
0.134322
0.137215
0.298914
0.318949
0.141565
0.136534
0.129310
0.131476
0.141287
0.161789
0.148592
0.132451
0.117905
0.216338
0.138076
0.112856
0.116772
0.179344
0.122777
0.136968
0.134796
0.141776
0.130180
0.118721
0.167488
0.111023
0.147357
0.143887
0.139285
0.169606
0.126341
0.145096
0.166747
0.145340
0.159639
0.135004
0.124481
0.131617
0.130642
0.121679
0.212863
0.152850
0.106370
0.136480
0.097845
0.114616
0.154550
0.123904
0.131815
0.164685
0.127038
0.112047
0.117360
0.127234
0.131430
0.127134
0.162153
0.122571
0.119566
0.170860
0.110105
0.127943
0.120413
0.158549
0.134921
0.136476
0.148211
0.138301
0.149672
0.349717
0.322136
0.126503
0.136008
0.131033
0.189523
0.134530
0.120192
0.106825
0.152154
0.130585
0.152003
0.128074
0.142028
0.167843
0.143087
0.145372
0.107587
0.134426
0.098365
0.133029
0.160246
0.161758
0.139817
0.134570
0.090858
0.112151
0.134722
0.159770
0.135207
0.148278
0.131336
0.112976
0.102875
0.145641
0.155731
0.150444
0.172169
0.525447
0.376579
0.127915
0.139024
0.130805
0.127897
0.139422
0.127434
0.160375
0.129764
0.137686
0.139002
0.161476
0.143980
0.129479
0.134895
0.125426
0.127054
0.163834
0.130655
0.114202
0.126356
0.156859
0.171089
0.121629
0.138639
0.135007
0.217111
0.197952
0.120775
0.126086
0.148711
0.142295
0.126651
0.143059
0.349569
0.220834
0.124201
0.118078
0.128362
0.108325
0.115118
0.120021
0.126810
0.125928
0.120795
0.123588
0.167910
0.187453
0.119817
0.129430
0.116181
0.122764
0.153041
0.151267
0.141778
0.098250
0.131256
0.153925
0.163785
0.157503
0.141147
0.109691
0.136034
0.130518
0.117957
0.139459
0.176204
0.149352
0.182341
0.150383
0.154555
0.127915
0.136680
0.126945
0.179863
0.190210
0.164850
0.143797
0.149114
0.138145
0.124009
0.139651
0.134903
0.122826
0.132014
0.124628
0.140805
0.132544
0.170926
0.141473
0.175743
0.128913
0.143416
0.117286
0.153372
0.128475
0.139798
0.163099
0.129536
0.123772
0.206069
0.162990
0.144900
0.165744
0.135959
0.135990
0.166218
0.116171
0.119558
0.121181
0.486817
0.268692
0.156572
0.118532
0.108938
0.130849
0.137111
0.117889
0.140102
0.120946
0.115994
0.169165
0.114005
0.135296
0.148246
0.150863
0.149146
0.188341
0.139336
0.165216
0.117678
0.133557
0.122046
0.261851
0.334728
0.143454
0.132274
0.135603
0.157287
0.143806
0.138161
0.135757
0.120017
0.117803
0.143582
0.115632
0.122836
0.143780
0.175564
0.127296
0.130093
0.156348
0.106232
0.147771
0.122263
0.118456
0.175497
0.107579
0.146776
0.181585
0.154911
0.120611
0.125255
0.121907
0.146363
0.145608
0.141369
0.131603
0.180637
0.142048
0.114729
0.116029
0.144197
0.101611
0.126888
0.396620
0.163325
0.139218
0.120168
0.130416
0.159295
0.165760
0.173406
0.130956
0.129472
0.141490
0.141449
0.153917
0.124632
0.121639
0.114091
0.110275
0.108123
0.178572
0.127133
0.162773
0.163097
0.208727
0.123389
0.119876
0.179232
0.121244
0.109466
0.101700
0.123677
0.122127
0.115085
0.123744
0.129200
0.126897
0.162028
0.149329
0.136714
0.214494
0.131965
0.171536
0.137103
0.144585
0.147673
0.136038
0.172275
0.096186
0.112667
0.114682
0.118300
0.155513
0.110867
0.134350
0.138301
0.135739
0.178249
0.132356
0.154459
0.156470
0.114030
0.108600
0.125156
0.130802
0.154554
0.126161
0.136600
0.122095
0.165508
0.149221
0.112701
0.140481
0.155256
0.280362
0.330421
0.326348
0.153667
0.122393
0.128065
0.153752
0.123911
0.143507
0.156219
0.107262
0.121640
0.203981
0.134853
0.150908
0.132533
0.119383
0.147702
0.292692
0.352261
0.137703
0.123354
0.110060
0.171004
0.140838
0.187558
0.125190
0.119782
0.147048
0.169810
0.124033
0.189876
0.150003
0.162949
0.147090
0.138273
0.143927
0.151297
0.138996
0.127052
0.159653
0.123805
0.134399
0.132797
0.116718
0.124588
0.162947
0.119288
0.126062
0.095865
0.145351
0.126718
0.123061
0.131322
0.122474
0.138263
0.118333
0.121318
0.107863
0.123405
0.142480
0.170208
0.137574
0.132389
0.142659
0.427401
0.256118
0.127076
0.147724
0.184094
0.118309
0.146226
0.121271
0.102579
0.139915
0.120555
0.171155
0.177742
0.160986
0.125460
0.128416
0.150672
0.114611
0.119248
0.167300
0.159688
0.140937
0.114945
0.139153
0.127775
0.152124
0.154749
0.119449
0.143511
0.161785
0.142878
0.177433
0.158275
0.117446
0.183323
0.166358
0.123357
0.117186
0.157646
0.164547
0.125088
0.146458
0.109514
0.130971
0.117063
0.158614
0.131660
0.123470
0.143344
0.141336
0.131923
0.140551
0.151889
0.139999
0.115663
0.125345
0.107055
0.128669
0.129957
0.105850
0.144631
0.125934
0.131643
0.120253
0.149450
0.144153
0.115400
0.111739
0.134028
0.134613
0.129980
0.106686
0.140434
0.165782
0.154433
0.168068
0.431905
0.424601
0.297048
0.202369
0.152854
0.122598
0.120586
0.114313
0.167836
0.256802
0.281358
0.194176
0.126706
0.124631
0.127277
0.110906
0.157970
0.156827
0.109844
0.148148
0.132674
0.109393
0.156285
0.123935
0.152165
0.133451
0.179680
0.134905
0.162671
0.118579
0.209959
0.102618
0.114070
0.153296
0.125007
0.157851
0.114326
0.140211
0.191512
0.208513
0.153399
0.167324
0.109105
0.158945
0.151496
0.118904
0.132662
0.117822
0.116941
0.123355
0.123197
0.148299
0.155211
0.140429
0.158725
0.111680
0.137428
0.119618
0.171811
0.190419
0.203136
0.133004
0.125085
0.180022
0.120176
0.169323
0.122659
0.125038
0.138450
0.407061
0.343470
0.157103
0.095790
0.147355
0.147674
0.125956
0.167724
0.124989
0.204585
0.117992
0.134097
0.131287
0.108524
0.126337
0.136192
0.127116
0.103533
0.156302
0.142228
0.153815
0.186187
0.166185
0.181930
0.195726
0.137183
0.121770
0.114798
0.171841
0.141493
0.135651
0.129205
0.137494
0.131265
0.157195
0.133798
0.123062
0.121855
0.118482
0.153330
0.124061
0.174989
0.117227
0.123840
0.165014
0.153793
0.141283
0.162216
0.122642
0.146104
0.166157
0.132450
0.122502
0.166047
0.169197
0.149698
0.126712
0.141975
0.140553
0.117198
0.117134
0.142439
0.131001
0.107250
0.133859
0.154523
0.447269
0.190969
0.140547
0.168612
0.181376
0.121502
0.126395
0.127746
0.127935
0.133113
0.109663
0.117580
0.102576
0.312251
0.294646
0.138449
0.154186
0.142461
0.127890
0.127482
0.127735
0.140749
0.143378
0.132580
0.122820
0.173480
0.158083
0.148663
0.122490
0.113386
0.129841
0.137328
0.121478
0.150005
0.124251
0.133374
0.121386
0.150134
0.148357
0.149177
0.120712
0.141051
0.118553
0.208718
0.131190
0.178045
0.149783
0.150978
0.130277
0.139651
0.133025
0.126622
0.126755
0.146793
0.114468
0.157380
0.141873
0.154353
0.146051
0.142861
0.185505
0.142109
0.173059
0.159200
0.156608
0.115019
0.133509
0.147839
0.168908
0.136826
0.147752
0.160939
0.189126
0.135914
0.154223
0.153743
0.314882
0.220074
0.239280
0.175718
0.132311
0.174917
0.271145
0.128560
0.121931
0.113738
0.145250
0.128613
0.131732
0.162881
0.167362
0.137144
0.145892
0.127387
0.155081
0.149512
0.175481
0.164754
0.147951
0.125366
0.114033
0.157249
0.121189
0.127474
0.303020
0.157956
0.140384
0.126692
0.132295
0.112242
0.119989
0.171944
0.183117
0.121673
0.142375
0.135211
0.160740
0.139415
0.180843
0.129981
0.155949
0.118044
0.102331
0.127771
0.206833
0.148995
0.112222
0.110743
0.151721
0.113141
0.157756
0.110172
0.118499
0.185727
0.110608
0.119933
0.135538
0.127541
0.127391
0.120248
0.202664
0.152664
0.111771
0.149273
0.139150
0.125616
0.144859
0.346821
0.361608
0.458122
0.361136
0.144598
0.171503
0.150814
0.141289
0.155218
0.132132
0.119408
0.157608
0.139062
0.137592
0.138515
0.126392
0.183367
0.144425
0.162433
0.117628
0.125459
0.157025
0.140205
0.140126
0.121905
0.124121
0.172052
0.124314
0.129248
0.175405
0.160372
0.124059
0.123544
0.196247
0.207331
0.120566
0.129285
0.117783
0.124212
0.129573
0.157311
0.203474
0.111850
0.133085
0.122823
0.165612
0.111948
0.120165
0.131496
0.121846
0.194730
0.124254
0.114822
0.154000
0.114530
0.193875
0.142675
0.126324
0.138179
0.112739
0.116569
0.141254
0.127011
0.113944
0.129527
0.124525
0.146221
0.126025
0.131057
0.135624
0.429920
0.347389
0.131448
0.121850
0.123259
0.122406
0.134302
0.125358
0.114006
0.110725
0.111438
0.117347
0.113757
0.130892
0.147732
0.138636
0.115040
0.126380
0.110005
0.120640
0.151427
0.119815
0.135992
0.132460
0.134858
0.162921
0.129896
0.129251
0.126761
0.117481
0.132780
0.135381
0.120032
0.118207
0.146794
0.115963
0.127177
0.122509
0.131269
0.122531
0.157943
0.119124
0.127071
0.112860
0.110323
0.132655
0.144050
0.142028
0.115029
0.113659
0.119672
0.139198
0.128298
0.122647
0.123503
0.109499
0.130773
0.105657
0.293994
0.246292
0.148686
0.136552
0.176629
0.138589
0.143296
0.113487
0.125880
0.132371
0.128217
0.331107
0.348843
0.137999
0.124881
0.117692
0.132302
0.122177
0.136997
0.132364
0.117253
0.105066
0.133975
0.123513
0.116355
0.120169
0.113958
0.116267
0.126244
0.131122
0.133690
0.119629
0.109810
0.131689
0.100710
0.135569
0.130878
0.134363
0.145980
0.135830
0.130951
0.095143
0.109399
0.125819
0.141372
0.112560
0.160592
0.121830
0.143062
0.136604
0.136336
0.166849
0.136523
0.150227
0.146774
0.132997
0.131843
0.139832
0.161268
0.164354
0.142665
0.151279
0.128552
0.118311
0.139205
0.137872
0.145894
0.132844
0.112194
0.113957
0.133018
0.154083
0.163705
0.099322
0.111344
0.132702
0.125136
0.156658
0.124715
0.132054
0.139432
0.136689
0.141167
0.282277
0.161033
0.140717
0.115604
0.127281
0.100652
0.113427
0.111761
0.138759
0.110651
0.102478
0.137288
0.108677
0.118812
0.115722
0.142131
0.158466
0.153278
0.147725
0.123720
0.116568
0.123193
0.126464
0.108787
0.137227
0.132225
0.122223
0.099838
0.135538
0.135916
0.135421
0.123384
0.133430
0.106140
0.124878
0.130061
0.147342
0.117054
0.118588
0.102391
0.117851
0.152789
0.128963
0.133675
0.132944
0.129269
0.115421
0.111664
0.452221
0.226136
0.165750
0.150624
0.111512
0.166134
0.118801
0.128687
0.126143
0.134472
0.126521
0.117946
0.107918
0.120037
0.106637
0.119162
0.128131
0.123690
0.134147
0.136564
0.138740
0.180548
0.142164
0.354408
0.395178
0.144725
0.121595
0.145455
0.128772
0.106609
0.125575
0.122384
0.136513
0.121621
0.113532
0.130513
0.148940
0.138678
0.089603
0.102569
0.182594
0.126929
0.114913
0.120916
0.131560
0.115283
0.120876
0.135346
0.137505
0.176060
0.141821
0.118526
0.135581
0.110427
0.110594
0.130417
0.131385
0.132640
0.147256
0.164520
0.166815
0.138383
0.187293
0.131008
0.143107
0.152593
0.121839
0.127251
0.140196
0.101496
0.129227
0.117544
0.135033
0.126595
0.122279
0.127358
0.140074
0.130004
0.139101
0.137095
0.149786
0.115381
0.135397
0.127869
0.117297
0.104244
0.167096
0.115466
0.116450
0.422283
0.311441
0.124069
0.134230
0.145151
0.129246
0.117560
0.136691
0.130774
0.111671
0.129223
0.119759
0.136227
0.107702
0.115914
0.140368
0.122133
0.147202
0.140122
0.125935
0.148330
0.138179
0.143608
0.112731
0.125667
0.129345
0.132257
0.119596
0.112197
0.134457
0.138254
0.124968
0.098588
0.136645
0.105750
0.126517
0.131626
0.136209
0.134897
0.115867
0.090698
0.270603
0.256350
0.131801
0.155172
0.115370
0.149631
0.108514
0.133384
0.126569
0.114272
0.115391
0.112729
0.167392
0.116797
0.115329
0.141573
0.160492
0.122454
0.129825
0.125674
0.113002
0.126156
0.144936
0.144443
0.108927
0.124235
0.156275
0.144030
0.132149
0.369874
0.315380
0.141171
0.112266
0.140968
0.114477
0.131423
0.129211
0.122391
0.108130
0.115518
0.125222
0.130435
0.144988
0.107311
0.119932
0.137287
0.130622
0.154024
0.131497
0.128029
0.137710
0.136549
0.118956
0.139229
0.113302
0.098600
0.136276
0.128117
0.128734
0.107509
0.133257
0.120300
0.125961
0.154400
0.114592
0.161299
0.123127
0.122528
0.129817
0.141001
0.137920
0.126518
0.137738
0.113187
0.117593
0.129522
0.122902
0.180962
0.149338
0.128347
0.126862
0.110443
0.139550
0.133855
0.121572
0.135103
0.159081
0.133744
0.111226
0.120097
0.148044
0.160037
0.113835
0.125185
0.128046
0.323823
0.377289
0.143575
0.158724
0.133813
0.131272
0.120738
0.132132
0.114053
0.132563
0.116468
0.132257
0.166414
0.168179
0.162243
0.146430
0.139441
0.140216
0.123316
0.127130
0.162094
0.133270
0.147302
0.208926
0.124985
0.118473
0.150055
0.133307
0.142921
0.137837
0.126705
0.153782
0.368854
0.280140
0.158141
0.188917
0.127894
0.139869
0.172182
0.156964
0.182533
0.157485
0.142987
0.162129
0.148166
0.138753
0.151345
0.140482
0.140525
0.144195
0.127967
0.132719
0.150963
0.124794
0.148482
0.140485
0.142528
0.138346
0.133793
0.128697
0.150016
0.123508
0.136551
0.132786
0.124794
0.142223
0.129987
0.131416
0.162078
0.158471
0.134181
0.127992
0.211053
0.446653
0.127574
0.112469
0.124943
0.124924
0.125280
0.135807
0.128209
0.141345
0.130777
0.113401
0.136150
0.133145
0.137789
0.094490
0.126628
0.139605
0.163129
0.131346
0.129493
0.118781
0.153138
0.124741
0.130223
0.127995
0.116858
0.110959
0.108876
0.131969
0.151787
0.142532
0.125716
0.144916
0.113874
0.140936
0.132113
0.133933
0.124160
0.110900
0.136141
0.116955
0.124113
0.133538
0.130735
0.112388
0.133447
0.132474
0.130837
0.116200
0.128910
0.102797
0.134347
0.130030
0.131918
0.114891
0.118299
0.131938
0.147004
0.131880
0.117622
0.120082
0.126515
0.128225
0.102912
0.120107
0.109841
0.331614
0.218820
0.246276
0.129593
0.142031
0.150324
0.153314
0.139565
0.171405
0.126476
0.147391
0.137774
0.139449
0.130023
0.147389
0.136233
0.133627
0.135255
0.143120
0.112625
0.118206
0.105835
0.121351
0.137005
0.182921
0.348937
0.140908
0.130500
0.110403
0.130557
0.134062
0.123578
0.117337
0.114387
0.149437
0.124794
0.150001
0.113940
0.141976
0.131618
0.138104
0.127235
0.133585
0.138429
0.118572
0.106929
0.123222
0.142426
0.125197
0.117512
0.150912
0.106735
0.104104
0.125360
0.123215
0.128108
0.119554
0.121939
0.111889
0.147016
0.118027
0.141683
0.110160
0.130169
0.142805
0.135447
0.117628
0.135456
0.126504
0.323801
0.348297
0.119742
0.153533
0.140943
0.146533
0.163658
0.234370
0.194902
0.180576
0.208049
0.210339
0.192593
0.135429
0.165310
0.181202
0.148102
0.178678
0.139812
0.151635
0.134367
0.140618
0.149389
0.141467
0.152953
0.145506
0.162638
0.111874
0.144311
0.130253
0.148481
0.165748
0.146379
0.152698
0.142286
0.125850
0.146419
0.146459
0.147439
0.180997
0.191406
0.164347
0.125722
0.126923
0.124542
0.133538
0.128503
0.149450
0.121197
0.120326
0.140938
0.150824
0.157381
0.150362
0.128942
0.181513
0.124471
0.156735
0.156672
0.150448
0.154679
0.130125
0.116844
0.117931
0.130723
0.123034
0.156166
0.140756
0.131102
0.125517
0.500717
0.224483
0.115453
0.150477
0.156747
0.168944
0.135766
0.141357
0.150885
0.134793
0.144656
0.104437
0.155960
0.145724
0.315887
0.231987
0.151791
0.130816
0.101986
0.124073
0.107847
0.139625
0.130826
0.128432
0.134618
0.138242
0.123268
0.128238
0.145441
0.115947
0.135111
0.126817
0.118147
0.134299
0.163416
0.152493
0.151827
0.129230
0.122787
0.163925
0.140282
0.128663
0.168058
0.164588
0.112764
0.110457
0.124694
0.121690
0.139475
0.141620
0.132627
0.122828
0.141917
0.152981
0.105223
0.126394
0.147255
0.143424
0.117846
0.121557
0.117663
0.141114
0.149353
0.118831
0.151434
0.127382
0.128601
0.145559
0.127375
0.114598
0.337307
0.271496
0.164210
0.157473
0.133795
0.184612
0.176818
0.155737
0.150541
0.109662
0.143771
0.137614
0.137553
0.112701
0.120729
0.161575
0.123746
0.137296
0.149782
0.131887
0.139019
0.155343
0.127571
0.126442
0.137963
0.111681
0.118522
0.116144
0.110437
0.132519
0.124073
0.127355
0.132153
0.102570
0.130447
0.116112
0.112446
0.102108
0.126007
0.110077
0.129359
0.125293
0.133659
0.116661
0.153526
0.152102
0.114004
0.146809
0.126652
0.129200
0.146032
0.127162
0.121225
0.124604
0.129791
0.122883
0.151670
0.126671
0.144911
0.119844
0.140977
0.111282
0.137071
0.346080
0.218983
0.135607
0.157388
0.111871
0.124191
0.118485
0.117222
0.137136
0.118569
0.284654
0.254149
0.152052
0.130648
0.135527
0.149298
0.107834
0.125218
0.134052
0.171569
0.129497
0.137801
0.126664
0.135125
0.134062
0.102474
0.122934
0.131995
0.117547
0.133236
0.146829
0.088945
0.121144
0.122717
0.113269
0.121554
0.126199
0.124219
0.127877
0.140358
0.111204
0.129953
0.140919
0.124705
0.146976
0.121059
0.197776
0.152157
0.157075
0.138005
0.110338
0.150388
0.141310
0.141446
0.155006
0.197110
0.180299
0.157848
0.142633
0.136918
0.175770
0.158667
0.129093
0.152869
0.118805
0.160902
0.147918
0.129639
0.127585
0.434044
0.311703
0.152620
0.122024
0.142841
0.136236
0.149439
0.114356
0.190521
0.130897
0.127256
0.142498
0.116377
0.132172
0.121301
0.139506
0.129660
0.110686
0.135177
0.108334
0.146026
0.160462
0.187276
0.151845
0.160911
0.146732
0.135837
0.171954
0.142481
0.131662
0.164834
0.122812
0.129220
0.109320
0.119029
0.105607
0.132275
0.147533
0.138281
0.156766
0.120825
0.169093
0.133136
0.135533
0.122383
0.129427
0.127416
0.134281
0.111638
0.122320
0.118625
0.123054
0.127776
0.112023
0.128626
0.146863
0.138614
0.138872
0.142777
0.148166
0.135623
0.139754
0.141388
0.424143
0.409005
0.194396
0.124753
0.176566
0.146050
0.151987
0.127448
0.118333
0.141417
0.153413
0.136897
0.137457
0.133118
0.134786
0.130086
0.138921
0.123133
0.112070
0.141387
0.144568
0.104575
0.132720
0.142713
0.121295
0.111316
0.124020
0.118999
0.125426
0.164251
0.130956
0.129501
0.157119
0.141253
0.135403
0.120723
0.153260
0.129990
0.132357
0.147568
0.152748
0.123985
0.140477
0.155319
0.140652
0.145766
0.131933
0.127742
0.172509
0.118701
0.132254
0.130736
0.115767
0.133777
0.136334
0.145518
0.126659
0.135747
0.145193
0.099684
0.113965
0.114575
0.091435
0.122547
0.138748
0.153062
0.121139
0.137112
0.110812
0.137882
0.143936
0.124173
0.137470
0.153247
0.131698
0.117023
0.101084
0.137312
0.377671
0.300959
0.143896
0.149725
0.132766
0.123998
0.124400
0.113943
0.149533
0.131871
0.130960
0.125145
0.165497
0.125008
0.097619
0.147979
0.111423
0.152921
0.116758
0.116115
0.128976
0.142675
0.131621
0.140372
0.126615
0.128078
0.146257
0.188277
0.138421
0.148089
0.158428
0.127101
0.135357
0.128734
0.125216
0.108994
0.134929
0.128664
0.128128
0.114522
0.140904
0.117462
0.152336
0.107586
0.128451
0.164831
0.165547
0.165434
0.159440
0.151088
0.152886
0.141684
0.143820
0.128815
0.219657
0.214728
0.142919
0.122881
0.127361
0.125897
0.118554
0.146574
0.143818
0.173949
0.125741
0.144938
0.156680
0.334020
0.187544
0.146731
0.154355
0.147731
0.154831
0.135401
0.132005
0.124249
0.153048
0.127504
0.143645
0.163702
0.130874
0.130231
0.139765
0.123612
0.146259
0.141971
0.122509
0.147209
0.115612
0.126005
0.115084
0.121038
0.147466
0.130289
0.107431
0.118948
0.137436
0.105122
0.135824
0.135236
0.179258
0.171874
0.153512
0.134318
0.119541
0.134018
0.125618
0.126067
0.136285
0.132955
0.131145
0.132755
0.148481
0.109237
0.124614
0.117050
0.126922
0.134810
0.140608
0.149881
0.141269
0.165856
0.146968
0.120472
0.128038
0.160641
0.135595
0.136294
0.121594
0.116957
0.097363
0.111991
0.118947
0.132654
0.112335
0.119259
0.138454
0.198497
0.166072
0.184393
0.181929
0.155190
0.503047
0.272188
0.206986
0.156202
0.127217
0.126497
0.160862
0.149238
0.144063
0.143637
0.136665
0.132079
0.151814
0.136341
0.147377
0.108156
0.139623
0.165281
0.124226
0.103419
0.152316
0.129303
0.150426
0.112732
0.099936
0.126041
0.143375
0.130802
0.135413
0.157213
0.150304
0.164627
0.169681
0.116320
0.161885
0.143721
0.112191
0.118315
0.138606
0.152240
0.124240
0.143249
0.184667
0.128069
0.125607
0.121479
0.115069
0.126613
0.307818
0.176984
0.280610
0.156966
0.148545
0.135950
0.134222
0.136192
0.128769
0.169517
0.155964
0.165293
0.152841
0.153112
0.138307
0.320230
0.249222
0.170767
0.174357
0.140424
0.113675
0.126140
0.138790
0.169364
0.119956
0.131710
0.114104
0.121436
0.163338
0.137376
0.122502
0.122348
0.143396
0.122548
0.148196
0.118114
0.125975
0.126853
0.135552
0.118077
0.171015
0.159316
0.134176
0.144141
0.121878
0.145363
0.163586
0.107184
0.110141
0.100926
0.132251
0.132021
0.135144
0.131344
0.166537
0.150721
0.129368
0.134604
0.131404
0.143682
0.163790
0.144490
0.155149
0.131589
0.129397
0.118478
0.123779
0.133585
0.122335
0.121908
0.116673
0.119293
0.109585
0.116576
0.101652
0.105211
0.144007
0.120484
0.125042
0.138032
0.160883
0.140222
0.130215
0.127612
0.115760
0.134419
0.152803
0.113214
0.299072
0.218853
0.178721
0.139600
0.132062
0.118946
0.144168
0.105948
0.124958
0.135379
0.133229
0.127457
0.130730
0.123344
0.130755
0.114219
0.143691
0.102490
0.133248
0.129826
0.132886
0.150480
0.152572
0.161596
0.134542
0.126312
0.123419
0.133635
0.105991
0.128344
0.130361
0.129818
0.121961
0.147973
0.147022
0.130308
0.173933
0.160254
0.134649
0.147400
0.131238
0.127016
0.426154
0.139136
0.181894
0.117115
0.112488
0.132237
0.141702
0.133680
0.133793
0.113863
0.145304
0.139475
0.123144
0.123295
0.166616
0.109020
0.133247
0.142500
0.119320
0.131804
0.141005
0.118955
0.139150
0.109007
0.283181
0.297316
0.164987
0.121181
0.138612
0.132214
0.133589
0.113594
0.143215
0.129529
0.133137
0.148447
0.129555
0.146764
0.164675
0.152498
0.145197
0.127188
0.165724
0.158390
0.143061
0.133788
0.136609
0.124308
0.135880
0.137673
0.118660
0.114319
0.151545
0.159615
0.162588
0.165162
0.143055
0.112322
0.148186
0.115722
0.155178
0.140262
0.132611
0.118439
0.146541
0.143745
0.129674
0.107233
0.121163
0.118014
0.140674
0.177338
0.125126
0.130123
0.158104
0.118078
0.097141
0.135038
0.120315
0.137689
0.119251
0.166266
0.147639
0.138568
0.145072
0.140727
0.130053
0.127075
0.133124
0.148268
0.320052
0.248316
0.121104
0.133744
0.158317
0.160422
0.142411
0.127152
0.135630
0.094563
0.126328
0.145001
0.150741
0.149578
0.125044
0.148209
0.134350
0.138282
0.106181
0.142163
0.149012
0.151935
0.164885
0.131570
0.126413
0.129868
0.116691
0.156280
0.149145
0.151028
0.124935
0.148821
0.156707
0.137722
0.128269
0.134111
0.138688
0.148678
0.120038
0.132830
0.115925
0.130355
0.449901
0.146002
0.126124
0.124030
0.139090
0.130142
0.105079
0.119316
0.098311
0.153179
0.136272
0.113890
0.136003
0.117399
0.133038
0.125875
0.114460
0.119768
0.098319
0.130281
0.499243
0.261859
0.152583
0.132126
0.119737
0.169585
0.144485
0.139701
0.154486
0.144036
0.156980
0.149296
0.119936
0.107910
0.135230
0.093122
0.147557
0.130033
0.105577
0.115121
0.127361
0.139631
0.121657
0.162484
0.116213
0.114697
0.158688
0.117914
0.118661
0.130515
0.112463
0.113712
0.142790
0.123835
0.133872
0.129067
0.182610
0.136515
0.149577
0.114866
0.129689
0.145334
0.130780
0.114646
0.115714
0.122278
0.127526
0.143203
0.117555
0.129341
0.112730
0.151192
0.134076
0.151792
0.118153
0.134475
0.145004
0.127256
0.116670
0.141954
0.126157
0.137756
0.123327
0.125704
0.124653
0.148244
0.129290
0.110212
0.141013
0.132436
0.144171
0.142912
0.138957
0.118583
0.306149
0.276514
0.151043
0.139698
0.153661
0.129660
0.122874
0.135968
0.139101
0.112080
0.145609
0.128798
0.126679
0.132690
0.125748
0.132395
0.120092
0.162657
0.110271
0.130993
0.132755
0.145188
0.120737
0.122552
0.120295
0.130469
0.124065
0.125984
0.116252
0.153173
0.153873
0.144904
0.131565
0.111592
0.137235
0.105210
0.121332
0.125635
0.147826
0.119254
0.149759
0.133957
0.344109
0.274274
0.143529
0.183931
0.152417
0.168330
0.140996
0.155946
0.138801
0.146535
0.161599
0.118584
0.134517
0.134783
0.141393
0.154136
0.137855
0.119689
0.124795
0.128433
0.108807
0.130472
0.135912
0.133559
0.123974
0.131245
0.117704
0.334235
0.345829
0.141446
0.125866
0.121559
0.111648
0.114522
0.109524
0.128575
0.142644
0.113967
0.164768
0.137722
0.163039
0.152623
0.131924
0.121600
0.111056
0.121106
0.109220
0.130197
0.125394
0.140625
0.119912
0.131446
0.143891
0.151250
0.134365
0.122827
0.101462
0.126901
0.113775
0.127915
0.136011
0.130822
0.112672
0.135820
0.143155
0.126256
0.132176
0.146487
0.150178
0.121400
0.117823
0.139162
0.131521
0.119958
0.116796
0.146631
0.111627
0.120709
0.160285
0.134963
0.130168
0.114808
0.129164
0.118658
0.121005
0.139367
0.128007
0.120699
0.145948
0.168977
0.127018
0.142407
0.123817
0.132384
0.508618
0.218092
0.166393
0.160375
0.125388
0.122138
0.131977
0.117458
0.136842
0.125478
0.109566
0.129121
0.139063
0.102596
0.155383
0.123203
0.125840
0.135576
0.124410
0.114763
0.116719
0.134734
0.143926
0.151454
0.114993
0.107863
0.133433
0.119112
0.166857
0.125472
0.118722
0.119393
0.130048
0.121849
0.147439
0.342789
0.271999
0.136676
0.138925
0.134075
0.131733
0.140137
0.131230
0.109040
0.104449
0.146727
0.124743
0.125508
0.137451
0.106377
0.116171
0.121579
0.128174
0.125037
0.135002
0.134220
0.092456
0.125052
0.095374
0.123082
0.130114
0.115553
0.131898
0.115487
0.123455
0.114910
0.118211
0.116954
0.118213
0.123898
0.127101
0.317774
0.410203
0.120688
0.126282
0.141257
0.166972
0.154123
0.134733
0.116113
0.128865
0.135879
0.137525
0.124732
0.105436
0.138515
0.130724
0.143680
0.113089
0.148557
0.139119
0.137060
0.127247
0.120231
0.106917
0.132125
0.154143
0.121147
0.123972
0.111033
0.130524
0.133059
0.143861
0.116047
0.125338
0.146169
0.115246
0.138909
0.126843
0.121414
0.121164
0.113725
0.132219
0.125393
0.137916
0.125151
0.129707
0.137964
0.132841
0.150762
0.154190
0.170006
0.127505
0.180033
0.125763
0.154081
0.137399
0.160123
0.140875
0.140364
0.134263
0.140437
0.122360
0.125253
0.105817
0.142405
0.131931
0.154453
0.509278
0.244646
0.116977
0.132964
0.143143
0.148542
0.147292
0.150465
0.133463
0.115820
0.134189
0.161827
0.120830
0.135464
0.115185
0.124722
0.147402
0.115732
0.156403
0.124838
0.152442
0.130051
0.114595
0.143010
0.139831
0.125891
0.156818
0.134381
0.174635
0.291127
0.138654
0.118340
0.142415
0.152405
0.168119
0.133737
0.170010
0.154160
0.164646
0.167106
0.164415
0.125586
0.185547
0.165076
0.189838
0.216698
0.137229
0.156771
0.227589
0.125308
0.169366
0.161306
0.116796
0.213315
0.186044
0.127775
0.177407
0.131416
0.132163
0.154335
0.158041
0.154852
0.178088
0.136895
0.128241
0.126520
0.134112
0.181047
0.141988
0.142036
0.161605
0.156436
0.151372
0.424684
0.261883
0.150709
0.163987
0.150096
0.124001
0.120816
0.128965
0.181858
0.142747
0.157717
0.146288
0.153201
0.190867
0.145726
0.108302
0.154834
0.121188
0.192912
0.206448
0.130319
0.208201
0.246901
0.145003
0.173500
0.214649
0.169263
0.279126
0.189683
0.193440
0.195701
0.172074
0.229429
0.123474
0.145871
0.192753
0.182764
0.181954
0.222863
0.195900
0.145349
0.255593
0.126826
0.157093
0.138782
0.166638
0.161381
0.176757
0.166915
0.235634
0.287500
0.194821
0.170526
0.155840
0.218942
0.138283
0.130731
0.160657
0.149281
0.151771
0.201088
0.169814
0.150915
0.210977
0.203039
0.168924
0.219484
0.176114
0.196128
0.128091
0.231347
0.363408
0.176539
0.197869
0.195476
0.150108
0.162604
0.193036
0.173714
0.120364
0.129945
0.176077
0.152230
0.120935
0.171294
0.262684
0.394984
0.260583
0.178651
0.130219
0.148101
0.183144
0.126484
0.160434
0.146795
0.145424
0.136100
0.159190
0.125604
0.189765
0.127076
0.149593
0.219986
0.153493
0.160700
0.231993
0.147133
0.168693
0.107729
0.188115
0.165135
0.148530
0.137226
0.127314
0.226659
0.209171
0.144172
0.180575
0.155753
0.126393
0.182054
0.143046
0.117189
0.152400
0.129163
0.220897
0.098549
0.163105
0.133294
0.145985
0.174189
0.144806
0.127611
0.140492
0.143328
0.145444
0.125452
0.145679
0.182735
0.158960
0.134613
0.460228
0.385580
0.142980
0.151257
0.184944
0.165234
0.124494
0.133991
0.144259
0.144574
0.124170
0.168040
0.176574
0.142983
0.204446
0.129020
0.160846
0.131085
0.152168
0.159216
0.159490
0.176076
0.163286
0.149217
0.172390
0.131796
0.152614
0.157333
0.139393
0.135243
0.144046
0.124494
0.246142
0.242108
0.185825
0.156763
0.156559
0.131143
0.195943
0.155280
0.203084
0.136507
0.146285
0.135940
0.139312
0.203085
0.131468
0.222217
0.187817
0.194107
0.181453
0.168662
0.187043
0.191960
0.155397
0.154031
0.220109
0.192969
0.159473
0.146995
0.142888
0.140287
0.135884
0.155109
0.156383
0.148686
0.180122
0.194096
0.244042
0.260919
0.178441
0.199964
0.423742
0.235221
0.430413
0.212414
0.293111
0.181368
0.295271
0.173037
0.791548
0.219567
0.186214
0.257615
0.168013
0.151728
0.162924
0.217146
0.250111
0.179272
0.259284
0.239058
0.178867
0.130816
0.166073
0.260388
0.177491
0.131777
0.130348
0.228548
0.208861
0.176890
0.202671
0.169800
0.184578
0.201102
0.133722
0.147879
0.151000
0.204504
0.190290
0.134474
0.149105
0.124779
0.122144
0.113847
0.120581
0.135158
0.145875
0.139842
0.179250
0.129686
0.162349
0.174375
0.177697
0.119278
0.187474
0.179190
0.179594
0.145103
0.123944
0.137215
0.122286
0.164898
0.140921
0.116013
0.141902
0.131968
0.138992
0.131950
0.127837
0.476788
0.439078
0.159383
0.138618
0.127798
0.157793
0.158916
0.127274
0.164157
0.129805
0.141409
0.126735
0.136193
0.121870
0.185907
0.127100
0.144680
0.140829
0.141445
0.187166
0.120206
0.158243
0.142755
0.142628
0.138743
0.153249
0.165169
0.158427
0.126805
0.169712
0.166134
0.137080
0.110368
0.158349
0.122296
0.137984
0.155575
0.169551
0.159626
0.135589
0.121698
0.151665
0.133323
0.126939
0.176908
0.134640
0.095410
0.126087
0.158714
0.130167
0.170243
0.108447
0.137147
0.116337
0.124051
0.205955
0.197092
0.134162
0.189379
0.153429
0.138595
0.151191
0.152785
0.144876
0.107604
0.129302
0.286862
0.234566
0.669314
0.200163
0.165145
0.122273
0.180648
0.145339
0.128085
0.126907
0.165384
0.151827
0.121843
0.137617
0.119962
0.162076
0.130931
0.174074
0.170784
0.143653
0.164210
0.123264
0.138451
0.133507
0.122441
0.138157
0.156464
0.119017
0.141939
0.162838
0.122590
0.189900
0.129788
0.163581
0.137389
0.131182
0.142622
0.146801
0.129041
0.139565
0.115898
0.158024
0.121816
0.125552
0.162560
0.122621
0.175753
0.107081
0.126067
0.158995
0.135012
0.133263
0.135351
0.186929
0.115207
0.129849
0.171363
0.167174
0.141886
0.126325
0.160576
0.191232
0.129534
0.153109
0.170948
0.127947
0.121622
0.130764
0.312429
0.336226
0.160442
0.198754
0.130846
0.122284
0.126216
0.145214
0.159078
0.153576
0.146567
0.118293
0.125372
0.123839
0.132267
0.125156
0.140496
0.142832
0.117448
0.137436
0.137861
0.136298
0.123402
0.108286
0.131040
0.116653
0.146460
0.122238
0.124566
0.157060
0.123336
0.159159
0.148375
0.149888
0.165424
0.117831
0.157643
0.146782
0.127149
0.141810
0.116143
0.169084
0.169271
0.098004
0.151542
0.135661
0.183704
0.174162
0.141369
0.151534
0.170082
0.121512
0.144599
0.167566
0.149158
0.134204
0.118874
0.163773
0.167706
0.144327
0.111763
0.218552
0.226007
0.276309
0.198108
0.165672
0.140175
0.163310
0.212018
0.157143
0.226924
0.276636
0.184516
0.200872
0.146907
0.174796
0.150146
0.137021
0.468875
0.166776
0.140703
0.186228
0.137377
0.155813
0.110194
0.128966
0.165927
0.187285
0.152303
0.194507
0.177261
0.129913
0.145145
0.169954
0.187383
0.171095
0.177718
0.155734
0.121499
0.179269
0.149962
0.236913
0.187947
0.172609
0.198457
0.245078
0.114554
0.175072
0.118817
0.121877
0.127307
0.132785
0.183767
0.140206
0.125423
0.213443
0.115183
0.174360
0.177425
0.117767
0.163745
0.136920
0.166669
0.139032
0.132895
0.145908
0.292649
0.166301
0.171214
0.179526
0.164050
0.185044
0.177723
0.173883
0.152817
0.138672
0.137436
0.190663
0.176630
0.150498
0.142707
0.212970
0.195730
0.224599
0.182034
0.200178
0.128633
0.120422
0.127101
0.156622
0.148852
0.199708
0.120273
0.138672
0.116048
0.140094
0.536782
0.289927
0.262308
0.151232
0.185677
0.121644
0.117091
0.126652
0.156701
0.193344
0.158947
0.121779
0.146939
0.175104
0.173263
0.168345
0.160789
0.162388
0.193353
0.194148
0.162679
0.171797
0.160056
0.165022
0.177578
0.135878
0.179577
0.140248
0.168793
0.123744
0.170975
0.190353
0.196698
0.114974
0.171239
0.170102
0.173566
0.136085
0.167647
0.169389
0.302395
0.227725
0.169359
0.156612
0.211292
0.162613
0.116147
0.209844
0.173255
0.112631
0.157411
0.178067
0.127138
0.218226
0.230166
0.115003
0.155949
0.122994
0.222566
0.162414
0.156971
0.168520
0.133933
0.120265
0.143169
0.133181
0.114691
0.157452
0.127622
0.169730
0.190870
0.138707
0.102762
0.164520
0.395355
0.191870
0.183615
0.178241
0.134346
0.158191
0.178550
0.103508
0.215845
0.111250
0.200299
0.123896
0.146602
0.135640
0.128585
0.124297
0.134321
0.127411
0.129963
0.128103
0.159500
0.126001
0.119769
0.131815
0.108957
0.161486
0.177456
0.137136
0.123714
0.126798
0.147423
0.133482
0.139983
0.119090
0.111995
0.128964
0.160891
0.136666
0.109593
0.139104
0.104054
0.116863
0.138073
0.155988
0.139591
0.114355
0.165779
0.098833
0.127991
0.117893
0.131563
0.128454
0.113348
0.120127
0.168743
0.140138
0.115845
0.121939
0.170914
0.123128
0.126829
0.175065
0.143287
0.148349
0.192113
0.142188
0.146923
0.132322
0.122808
0.107772
0.173226
0.133375
0.516508
0.183108
0.141260
0.144838
0.124696
0.114245
0.125411
0.102419
0.109679
0.120420
0.136992
0.179401
0.135847
0.114584
0.137340
0.142624
0.135500
0.147599
0.124530
0.173346
0.146287
0.164530
0.137111
0.535119
0.178853
0.112401
0.127534
0.134628
0.141506
0.131197
0.133580
0.129590
0.142192
0.104474
0.119856
0.128593
0.146619
0.163132
0.185918
0.143414
0.194850
0.115127
0.131781
0.145435
0.145217
0.121972
0.114966
0.157106
0.142296
0.119307
0.141844
0.177177
0.121709
0.132685
0.191008
0.148636
0.142936
0.119343
0.158701
0.147507
0.156526
0.145880
0.111753
0.104373
0.126753
0.168957
0.173535
0.111146
0.133844
0.148211
0.121559
0.278599
0.305808
0.125531
0.175622
0.136580
0.206879
0.134116
0.166114
0.127590
0.121654
0.158785
0.148680
0.117388
0.134001
0.151050
0.156548
0.180983
0.110219
0.143112
0.170100
0.108464
0.116787
0.129071
0.128509
0.154242
0.137253
0.133816
0.141625
0.108414
0.121125
0.124911
0.204939
0.134987
0.170202
0.122336
0.201697
0.151145
0.133720
0.128224
0.125496
0.131105
0.096560
0.119538
0.152520
0.123437
0.139584
0.120149
0.117337
0.192495
0.109394
0.117997
0.131460
0.118058
0.168971
0.164824
0.118129
0.140736
0.172651
0.141040
0.133891
0.137921
0.129565
0.150285
0.130389
0.182874
0.150389
0.114831
0.129456
0.152111
0.178630
0.162076
0.118618
0.435587
0.206835
0.145461
0.109276
0.155723
0.143337
0.149444
0.114587
0.118624
0.123923
0.126452
0.142492
0.151329
0.260250
0.277426
0.159232
0.185934
0.138756
0.156621
0.147417
0.143737
0.128558
0.154387
0.130867
0.127283
0.120998
0.125194
0.150126
0.145442
0.131005
0.148298
0.142926
0.148241
0.172824
0.172162
0.152304
0.176285
0.117459
0.122123
0.127891
0.127161
0.129111
0.188906
0.131635
0.128321
0.140786
0.134279
0.182829
0.118507
0.145598
0.131097
0.169720
0.121681
0.114882
0.146547
0.110663
0.170906
0.140999
0.184608
0.126512
0.120652
0.192209
0.124037
0.103465
0.139375
0.125893
0.142597
0.130748
0.108636
0.123736
0.158319
0.124826
0.117757
0.125362
0.124423
0.104537
0.423447
0.198256
0.169887
0.145020
0.166747
0.134515
0.133961
0.111977
0.199955
0.121274
0.116711
0.219278
0.116705
0.113261
0.112707
0.174288
0.123669
0.124016
0.138359
0.109506
0.135745
0.155331
0.129414
0.118782
0.157456
0.135019
0.161282
0.146631
0.142489
0.118268
0.118804
0.134017
0.123828
0.164362
0.145472
0.124144
0.142772
0.123416
0.135748
0.139254
0.131813
0.140546
0.174455
0.121755
0.176136
0.141073
0.141189
0.154625
0.124974
0.135074
0.124732
0.114007
0.159353
0.115583
0.124869
0.143322
0.152206
0.126653
0.098274
0.119443
0.137818
0.179224
0.314016
0.187268
0.133660
0.117699
0.125095
0.163413
0.192280
0.146661
0.195719
0.124393
0.528315
0.152057
0.138420
0.130248
0.146286
0.157014
0.190062
0.339072
0.144957
0.127947
0.141652
0.145015
0.140798
0.177007
0.140509
0.173719
0.147456
0.151083
0.189569
0.153148
0.155284
0.145918
0.193001
0.147300
0.144925
0.125710
0.107374
0.134530
0.120196
0.109076
0.171653
0.163229
0.145806
0.157199
0.118423
0.117076
0.134815
0.122232
0.140982
0.133423
0.157702
0.111361
0.138777
0.104689
0.135069
0.171389
0.144199
0.236939
0.166115
0.129558
0.105114
0.123907
0.108174
0.118751
0.108806
0.118704
0.132703
0.123379
0.122663
0.112744
0.151061
0.155721
0.126251
0.129696
0.132484
0.135395
0.144079
0.132389
0.125384
0.134279
0.165483
0.156896
0.136580
0.134644
0.391487
0.359008
0.172498
0.144581
0.088029
0.123771
0.099145
0.153450
0.201698
0.167160
0.122366
0.108777
0.137416
0.102258
0.138399
0.212962
0.194020
0.114719
0.106245
0.106474
0.123885
0.106417
0.140147
0.105775
0.100952
0.119527
0.108398
0.123426
0.116407
0.116186
0.115903
0.115856
0.114172
0.112416
0.104984
0.118643
0.116079
0.132570
0.127502
0.112559
0.129803
0.121797
0.123738
0.117100
0.116066
0.110346
0.119671
0.117343
0.120720
0.114468
0.112223
0.122959
0.118379
0.115659
0.118188
0.120487
0.122962
0.107127
0.114842
0.114061
0.116784
0.123846
0.114529
0.128499
0.111557
0.116820
0.114867
0.130177
0.130437
0.130360
0.140820
0.122856
0.121544
0.116021
0.112638
0.111494
0.111240
0.116791
0.105399
0.126115
0.117221
0.145279
0.122219
0.116196
0.111585
0.115277
0.118567
0.122709
0.115634
0.126738
0.104961
0.113885
0.112215
0.116582
0.109314
0.112705
0.135618
0.134803
0.118120
0.123937
0.110711
0.106843
0.116210
0.113301
0.103999
0.112361
0.104375
0.131726
0.113061
0.117692
0.112763
0.116642
0.116399
0.120833
0.117278
0.115356
0.118793
0.122438
0.117679
0.123288
0.117970
0.113099
0.115120
0.106528
0.107847
0.137416
0.125751
0.113942
0.125965
0.133303
0.121262
0.103841
0.117091
0.120183
0.106315
0.104589
0.114064
0.118630
0.140046
0.110718
0.113447
0.119261
0.124055
0.113935
0.132429
0.112497
0.118601
0.102896
0.125222
0.119337
0.116154
0.125395
0.131555
0.107356
0.116469
0.127457
0.112337
0.119302
0.125456
0.114386
0.141864
0.115773
0.125419
0.117596
0.112903
0.116541
0.135636
0.120198
0.142515
0.115690
0.127706
0.109251
0.127913
0.126609
0.120635
0.110754
0.116884
0.114173
0.401933
0.286963
0.196474
0.225958
0.224466
0.124734
0.128894
0.148502
0.119028
0.117389
0.130072
0.131235
0.110603
0.132813
0.123661
0.108633
0.114255
0.114582
0.132565
0.111776
0.115350
0.107849
0.103757
0.133755
0.107398
0.131133
0.107926
0.108242
0.122087
0.120860
0.119256
0.123340
0.111667
0.105803
0.116192
0.111971
0.112602
0.121789
0.122987
0.124697
0.114790
0.104193
0.116451
0.106995
0.124257
0.106096
0.129796
0.123659
0.110817
0.120903
0.143192
0.109121
0.121932
0.104703
0.300763
0.323984
0.122750
0.145948
0.137581
0.112990
0.113996
0.108066
0.114236
0.117023
0.106704
0.106213
0.104007
0.147361
0.110398
0.134757
0.109146
0.110021
0.112097
0.104396
0.106221
0.112224
0.107251
0.107222
0.128450
0.115153
0.117768
0.109065
0.109367
0.101852
0.106545
0.161350
0.133026
0.131485
0.110097
0.106061
0.107802
0.110698
0.129742
0.123635
0.111597
0.120404
0.116093
0.121883
0.116388
0.106046
0.124125
0.102881
0.108855
0.116955
0.106176
0.104544
0.105209
0.128780
0.109909
0.103093
0.102919
0.111223
0.108775
0.111342
0.109254
0.121205
0.123805
0.123197
0.119302
0.115711
0.123049
0.125531
0.118857
0.128371
0.121430
0.119517
0.116315
0.114238
0.110326
0.132450
0.111925
0.108539
0.113574
0.112191
0.132622
0.119801
0.112003
0.121496
0.120226
0.119374
0.117772
0.147759
0.110117
0.112115
0.120804
0.128080
0.112456
0.118591
0.124845
0.111467
0.103962
0.105106
0.108681
0.127693
0.101118
0.118022
0.119358
0.133713
0.147227
0.113440
0.110918
0.114066
0.110542
0.116428
0.117931
0.117507
0.130989
0.109438
0.111851
0.110301
0.108734
0.110259
0.114368
0.134740
0.126714
0.121734
0.106568
0.124266
0.119252
0.123074
0.120305
0.134764
0.105323
0.116639
0.114809
0.113328
0.137296
0.107688
0.118157
0.104845
0.122350
0.105953
0.115494
0.117250
0.110348
0.103184
0.123445
0.138821
0.139607
0.104962
0.103279
0.122868
0.117173
0.108491
0.117187
0.117665
0.124646
0.104708
0.117796
0.106455
0.111511
0.116753
0.115405
0.109327
0.103348
0.125725
0.114293
0.113489
0.119096
0.113774
0.119068
0.118588
0.116815
0.110165
0.110553
0.130446
0.135815
0.113788
0.109204
0.124235
0.112142
0.113162
0.138629
0.106262
0.106583
0.130496
0.104167
0.118990
0.146443
0.133885
0.114965
0.160468
0.178971
0.130126
0.120379
0.122367
0.112377
0.125374
0.126470
0.113055
0.138154
0.119778
0.136462
0.112412
0.132102
0.110724
0.127245
0.135277
0.128611
0.115354
0.147822
0.212226
0.169712
0.151429
0.118054
0.116030
0.135733
0.120836
0.122273
0.118663
0.136211
0.109218
0.114922
0.108864
0.116894
0.114752
0.118355
0.130266
0.115591
0.123344
0.109016
0.116167
0.112693
0.107065
0.129450
0.106886
0.129826
0.115502
0.122458
0.106634
0.106706
0.118092
0.129410
0.117234
0.113476
0.127171
0.107341
0.118520
0.111988
0.115615
0.116764
0.124824
0.109611
0.111669
0.108728
0.113357
0.111378
0.112591
0.132101
0.122812
0.111712
0.111355
0.110051
0.121112
0.118721
0.113585
0.106764
0.135339
0.111929
0.116131
0.116799
0.123805
0.150363
0.128136
0.131234
0.115312
0.128035
0.144430
0.122279
0.114466
0.128038
0.120138
0.112639
0.119905
0.116388
0.109617
0.106485
0.131499
0.111934
0.120139
0.118547
0.172423
0.118442
0.115776
0.114982
0.110288
0.133766
0.118186
0.118026
0.111012
0.114356
0.124661
0.115569
0.101474
0.112743
0.107510
0.110912
0.113355
0.119053
0.118471
0.113700
0.111514
0.108054
0.115001
0.116654
0.120868
0.133819
0.116515
0.117936
0.112633
0.118850
0.128364
0.132404
0.117005
0.117401
0.123870
0.135477
0.109598
0.106916
0.107827
0.123488
0.135307
0.124477
0.108106
0.125448
0.112351
0.123732
0.111528
0.102670
0.102217
0.111242
0.112891
0.108250
0.108907
0.142968
0.117288
0.113355
0.123275
0.111294
0.121218
0.120133
0.119256
0.128043
0.133053
0.130927
0.095375
0.104037
0.116849
0.112776
0.110266
0.358129
0.311821
0.136079
0.130003
0.113851
0.113572
0.116433
0.112446
0.136558
0.123138
0.113981
0.113450
0.115929
0.111482
0.103773
0.110541
0.108509
0.119861
0.113260
0.101699
0.111739
0.112950
0.118824
0.127061
0.111826
0.110567
0.116170
0.123683
0.112455
0.124041
0.120784
0.109029
0.110922
0.102917
0.122113
0.117835
0.127427
0.117317
0.124876
0.122667
0.138797
0.111234
0.115634
0.114736
0.111901
0.109796
0.116930
0.110589
0.118406
0.122399
0.122431
0.107467
0.115066
0.115953
0.110417
0.129479
0.111065
0.111189
0.118884
0.144993
0.112141
0.134121
0.106846
0.113475
0.114034
0.119645
0.143546
0.112030
0.108153
0.117011
0.128548
0.115758
0.118275
0.113070
0.109110
0.107096
0.110711
0.101902
0.131617
0.118197
0.108556
0.108449
0.096372
0.125994
0.111670
0.120250
0.107701
0.109153
0.105797
0.117658
0.135887
0.111808
0.134336
0.131941
0.108563
0.122282
0.126282
0.121327
0.118984
0.118758
0.121489
0.112488
0.119966
0.120818
0.113598
0.113659
0.116676
0.113337
0.103057
0.111632
0.128610
0.165580
0.132928
0.133408
0.137292
0.124316
0.132518
0.152207
0.114079
0.115109
0.119239
0.125828
0.119069
0.130089
0.117523
0.110730
0.120577
0.122754
0.111773
0.114761
0.112749
0.120555
0.118626
0.117755
0.131043
0.113227
0.113503
0.111115
0.113428
0.113154
0.123076
0.112814
0.122311
0.119716
0.107592
0.117043
0.118933
0.118814
0.111031
0.113351
0.110006
0.104088
0.110917
0.118079
0.148938
0.134941
0.121915
0.151755
0.179275
0.127408
0.138391
0.124522
0.109182
0.109849
0.127190
0.132439
0.113302
0.119734
0.116974
0.113185
0.109041
0.116471
0.154111
0.110886
0.111735
0.117631
0.112508
0.114398
0.125255
0.117037
0.111450
0.117562
0.109246
0.115361
0.113740
0.110462
0.109203
0.108777
0.110184
0.126456
0.121711
0.126814
0.115332
0.102108
0.117274
0.104572
0.116617
0.108085
0.108613
0.117878
0.107937
0.106799
0.115690
0.113857
0.107175
0.111586
0.107614
0.124438
0.106079
0.113006
0.115327
0.159761
0.119664
0.127518
0.527350
0.139105
0.124380
0.117346
0.111832
0.133534
0.131438
0.131649
0.133946
0.118054
0.124586
0.115719
0.119386
0.116302
0.140718
0.101374
0.118296
0.110631
0.135914
0.110521
0.109151
0.112112
0.102736
0.141802
0.125686
0.118023
0.110782
0.119482
0.104305
0.110608
0.115422
0.110474
0.114856
0.117031
0.107494
0.111987
0.102389
0.104517
0.119877
0.107759
0.124114
0.131050
0.109457
0.140309
0.132087
0.123758
0.126843
0.125536
0.121767
0.129881
0.141500
0.113991
0.123923
0.112659
0.113032
0.116395
0.107347
0.112155
0.146259
0.115912
0.117973
0.112939
0.119323
0.111152
0.115376
0.114734
0.122275
0.109888
0.122958
0.110503
0.112325
0.107845
0.176855
0.120148
0.113386
0.132762
0.111694
0.121731
0.123664
0.114223
0.120499
0.112738
0.127924
0.115797
0.119351
0.112576
0.124550
0.116979
0.111941
0.128129
0.148131
0.148469
0.130125
0.144166
0.119423
0.135336
0.129172
0.114873
0.131390
0.112236
0.130126
0.116485
0.110938
0.116157
0.135794
0.122614
0.118707
0.112569
0.120720
0.124710
0.119830
0.107613
0.131835
0.111915
0.121681
0.202393
0.162385
0.124406
0.129265
0.104634
0.125003
0.125895
0.126068
0.128627
0.114126
0.124106
0.121801
0.124758
0.112722
0.122323
0.126963
0.118270
0.118608
0.112165
0.130742
0.111452
0.124934
0.113224
0.118438
0.116873
0.114247
0.112141
0.113170
0.113209
0.108980
0.123344
0.115567
0.116568
0.108699
0.108147
0.113954
0.111265
0.107015
0.115754
0.114420
0.114526
0.113696
0.134872
0.116243
0.191770
0.217407
0.157440
0.182927
0.113613
0.121119
0.192204
0.161077
0.156198
0.210396
0.117029
0.112756
0.138046
0.112293
0.119454
0.121321
0.130356
0.145383
0.111214
0.123059
0.409875
0.294877
0.127324
0.140498
0.119428
0.130124
0.142204
0.108313
0.123760
0.114455
0.113800
0.128805
0.117476
0.111095
0.111435
0.111312
0.102298
0.102067
0.102447
0.110196
0.126486
0.125616
0.113485
0.119541
0.111936
0.104258
0.129261
0.117152
0.109990
0.129502
0.109565
0.110770
0.114280
0.116654
0.121834
0.104690
0.107745
0.108001
0.125131
0.127724
0.111016
0.111862
0.109507
0.122300
0.121065
0.109175
0.107507
0.186046
0.224950
0.122358
0.152954
0.203048
0.109026
0.106047
0.129892
0.101904
0.122368
0.131985
0.105085
0.114217
0.102530
0.108259
0.123952
0.110880
0.114765
0.132217
0.117961
0.131372
0.105755
0.106908
0.134694
0.120213
0.108202
0.129842
0.113765
0.108734
0.106412
0.113054
0.109712
0.119507
0.124785
0.115142
0.117829
0.133327
0.122678
0.121305
0.115537
0.132088
0.109373
0.106943
0.106868
0.120910
0.107157
0.117351
0.125592
0.111651
0.114840
0.112246
0.122489
0.138360
0.104943
0.119845
0.113136
0.103947
0.117993
0.132823
0.142982
0.108525
0.112357
0.137470
0.111520
0.105734
0.113125
0.108274
0.125809
0.109482
0.112453
0.110241
0.113615
0.105379
0.125653
0.107891
0.115873
0.111537
0.121944
0.110177
0.116510
0.102011
0.126319
0.114166
0.110641
0.113522
0.113127
0.099319
0.144534
0.116060
0.124899
0.132763
0.111792
0.115173
0.119903
0.126646
0.131051
0.119549
0.121016
0.120675
0.112153
0.115950
0.118521
0.110201
0.110730
0.114563
0.113620
0.112561
0.120432
0.116132
0.118967
0.125374
0.116372
0.113302
0.112695
0.111942
0.114854
0.129847
0.107993
0.101604
0.102714
0.126655
0.133296
0.104933
0.106587
0.113043
0.106740
0.120457
0.121864
0.114075
0.114331
0.107284
0.110272
0.131578
0.119440
0.115828
0.114942
0.114123
0.129978
0.119860
0.122694
0.119141
0.128774
0.117690
0.116685
0.138562
0.116903
0.117130
0.112010
0.115323
0.107198
0.111621
0.106492
0.112543
0.116986
0.123146
0.111889
0.107042
0.135222
0.112414
0.106556
0.115295
0.135356
0.130083
0.123528
0.103167
0.126734
0.120043
0.112099
0.117850
0.113843
0.115337
0.119444
0.112261
0.130575
0.114296
0.111171
0.115749
0.120000
0.125288
0.119084
0.108198
0.121174
0.116514
0.113185
0.114744
0.112902
0.111845
0.110687
0.109028
0.142564
0.103569
0.108324
0.131129
0.117556
0.124126
0.109086
0.104944
0.111400
0.107885
0.111451
0.123615
0.128252
0.125900
0.123159
0.110892
0.110935
0.122209
0.117367
0.110656
0.115777
0.118571
0.119174
0.118296
0.145449
0.123498
0.114656
0.109496
0.124768
0.143026
0.109823
0.114117
0.112538
0.119867
0.115446
0.130092
0.112309
0.118693
0.133142
0.111128
0.122027
0.106929
0.117682
0.116152
0.116849
0.106869
0.119942
0.115927
0.114895
0.120092
0.141439
0.109438
0.123459
0.113828
0.115496
0.113880
0.106764
0.121398
0.106562
0.116805
0.124841
0.110559
0.119863
0.106478
0.119078
0.115170
0.118410
0.112438
0.111393
0.107879
0.118524
0.117588
0.119367
0.128648
0.110723
0.117210
0.109676
0.106976
0.126921
0.124048
0.118136
0.109635
0.117536
0.114065
0.120554
0.132860
0.119787
0.117474
0.122816
0.119377
0.113609
0.121476
0.110279
0.116642
0.119494
0.133287
0.111160
0.111060
0.113632
0.114212
0.114238
0.137655
0.116910
0.118807
0.120197
0.122795
0.113793
0.108637
0.130138
0.111761
0.105054
0.108754
0.104722
0.103528
0.104353
0.146905
0.119655
0.118861
0.120711
0.115933
0.116836
0.122589
0.104402
0.118531
0.142562
0.117089
0.122226
0.110963
0.133126
0.127124
0.129913
0.118049
0.114685
0.118019
0.105183
0.111294
0.122480
0.111843
0.121804
0.120652
0.135980
0.114687
0.116362
0.109731
0.110222
0.125337
0.122465
0.122038
0.131732
0.117938
0.117765
0.128952
0.106195
0.109007
0.120845
0.115973
0.154488
0.192522
0.201449
0.132929
0.122410
0.441881
0.276166
0.141361
0.154891
0.161591
0.145285
0.120816
0.130319
0.117320
0.136221
0.131858
0.118156
0.119669
0.114274
0.119475
0.116342
0.130387
0.121468
0.132053
0.122172
0.116913
0.118020
0.117850
0.115519
0.117686
0.116622
0.125896
0.128939
0.112641
0.116595
0.123791
0.138905
0.111927
0.117209
0.113639
0.123273
0.121557
0.121939
0.112735
0.129645
0.127793
0.147816
0.125697
0.124291
0.124682
0.128237
0.126895
0.129478
0.164531
0.134363
0.122930
0.125118
0.128459
0.131250
0.118102
0.122316
0.462767
0.156607
0.125100
0.129135
0.117199
0.134450
0.123722
0.145790
0.122204
0.142522
0.142106
0.125138
0.125406
0.127041
0.124610
0.132043
0.118137
0.118941
0.120240
0.133607
0.117641
0.124761
0.134754
0.120585
0.127956
0.130503
0.119819
0.136348
0.121305
0.120740
0.114462
0.140752
0.139075
0.123529
0.122789
0.118894
0.134452
0.119888
0.115329
0.133234
0.135494
0.117963
0.135204
0.135308
0.119368
0.116977
0.128665
0.125768
0.142789
0.124482
0.148146
0.121098
0.196110
0.187980
0.138435
0.135561
0.130436
0.131594
0.131104
0.116070
0.132365
0.122078
0.125522
0.121984
0.115257
0.133852
0.120712
0.119721
0.128651
0.119613
0.136540
0.130343
0.115906
0.127517
0.141244
0.119149
0.179572
0.123895
0.128037
0.128551
0.135055
0.123614
0.126062
0.125095
0.121853
0.123081
0.136034
0.120569
0.119432
0.126727
0.133218
0.125397
0.129345
0.134761
0.114675
0.116943
0.113402
0.116498
0.122383
0.114856
0.128398
0.131910
0.144061
0.126436
0.131243
0.113887
0.163602
0.154584
0.132543
0.127832
0.119549
0.119645
0.123827
0.118595
0.114423
0.123906
0.131122
0.128542
0.135557
0.119502
0.116024
0.123135
0.128855
0.120277
0.129895
0.138313
0.116745
0.125780
0.124218
0.120181
0.129620
0.134798
0.126860
0.115216
0.130042
0.118398
0.125722
0.120199
0.119517
0.109877
0.144919
0.118507
0.121973
0.119969
0.129638
0.122918
0.129565
0.115233
0.120022
0.125676
0.111820
0.142499
0.110908
0.126116
0.114865
0.117794
0.103154
0.111153
0.110273
0.115553
0.113504
0.112266
0.113323
0.107770
0.108354
0.119874
0.114141
0.115273
0.121702
0.108595
0.109033
0.130044
0.111590
0.136408
0.113363
0.133287
0.113515
0.119393
0.119378
0.146317
0.106657
0.134947
0.114112
0.106207
0.104953
0.120663
0.110965
0.130412
0.132514
0.117291
0.105090
0.110318
0.112770
0.144017
0.113224
0.116062
0.108712
0.116580
0.125645
0.135910
0.120971
0.101786
0.117313
0.110512
0.116331
0.117760
0.112226
0.111188
0.121571
0.112563
0.113229
0.118818
0.111140
0.108485
0.115298
0.103244
0.115295
0.139936
0.126593
0.132248
0.130726
0.121547
0.126407
0.120267
0.115548
0.134459
0.138708
0.127228
0.118055
0.126691
0.140780
0.121069
0.123108
0.113069
0.133167
0.141693
0.128780
0.124293
0.123751
0.114106
0.122386
0.119674
0.121588
0.146687
0.121126
0.120985
0.114495
0.119964
0.132647
0.121140
0.133367
0.111998
0.122256
0.119623
0.124367
0.119114
0.117427
0.119918
0.126616
0.152288
0.116662
0.115485
0.119339
0.132231
0.150847
0.118234
0.128917
0.123833
0.144880
0.145651
0.117593
0.119220
0.133630
0.127609
0.118918
0.129358
0.124700
0.125025
0.135126
0.137005
0.119076
0.120242
0.119970
0.121323
0.119401
0.120921
0.120129
0.126501
0.121213
0.129126
0.128846
0.121581
0.120832
0.131399
0.129670
0.121997
0.137722
0.125260
0.116540
0.126030
0.113405
0.114299
0.120309
0.130801
0.113503
0.111546
0.116070
0.109310
0.113562
0.116559
0.105123
0.126863
0.118212
0.109936
0.113474
0.110186
0.112878
0.131647
0.116274
0.127924
0.122916
0.116269
0.107685
0.116263
0.114800
0.108886
0.111454
0.130089
0.119071
0.109299
0.105102
0.111626
0.101308
0.104017
0.117233
0.106178
0.114553
0.108902
0.112719
0.128805
0.414738
0.202912
0.140254
0.112085
0.136152
0.107214
0.139228
0.132278
0.165630
0.116272
0.110185
0.125019
0.120697
0.111643
0.112357
0.130794
0.115651
0.118054
0.117933
0.113836
0.124714
0.128951
0.109328
0.116093
0.107008
0.109789
0.123241
0.118103
0.119885
0.133208
0.117906
0.128849
0.118373
0.109762
0.110266
0.136951
0.142268
0.119860
0.124704
0.121061
0.119761
0.101248
0.101697
0.124760
0.136537
0.116463
0.106162
0.111028
0.134791
0.110979
0.139844
0.111233
0.110332
0.106816
0.133615
0.110081
0.114244
0.115407
0.129306
0.114881
0.155211
0.101271
0.114138
0.116293
0.109506
0.105361
0.131224
0.116312
0.114482
0.120979
0.109434
0.107849
0.114474
0.125014
0.110831
0.108864
0.111366
0.112260
0.114177
0.111294
0.105161
0.132731
0.114743
0.116871
0.129324
0.111673
0.115163
0.109649
0.123782
0.118409
0.102822
0.129557
0.114953
0.135634
0.111024
0.117463
0.111696
0.122689
0.120845
0.103756
0.107421
0.106592
0.099822
0.102162
0.106601
0.124911
0.108029
0.110064
0.127099
0.107027
0.111781
0.125931
0.110011
0.130720
0.102974
0.106578
0.106088
0.104336
0.135584
0.115085
0.125364
0.110598
0.114254
0.117213
0.113609
0.110434
0.113690
0.112906
0.108097
0.127912
0.114594
0.101425
0.108254
0.107056
0.136481
0.104734
0.105720
0.135595
0.110751
0.121734
0.111831
0.110803
0.110983
0.107252
0.145993
0.114155
0.113671
0.106551
0.135341
0.114322
0.108441
0.118702
0.117492
0.112152
0.134013
0.113887
0.107646
0.125119
0.114602
0.117762
0.124151
0.114652
0.109580
0.137326
0.136043
0.114575
0.114925
0.120806
0.123492
0.124507
0.111233
0.117269
0.119864
0.101310
0.116506
0.116846
0.112863
0.114267
0.110796
0.119285
0.110237
0.100677
0.110964
0.114506
0.113333
0.110545
0.103638
0.120196
0.130383
0.121894
0.110472
0.112605
0.132401
0.118422
0.116093
0.116225
0.122030
0.117722
0.127672
0.115900
0.119267
0.127863
0.117799
0.120453
0.117912
0.115492
0.122249
0.109836
0.111424
0.129073
0.117805
0.137869
0.110465
0.106661
0.107819
0.112199
0.122393
0.116396
0.115977
0.114406
0.110743
0.138864
0.114090
0.105473
0.133011
0.114781
0.112121
0.115040
0.130867
0.114261
0.116820
0.167195
0.204278
0.180365
0.136434
0.210981
0.126709
0.171205
0.122567
0.112932
0.114786
0.114496
0.114198
0.111481
0.104433
0.136636
0.103420
0.119718
0.124930
0.125140
0.114675
0.113635
0.108352
0.126613
0.110026
0.111880
0.108210
0.118820
0.119325
0.105714
0.109071
0.110766
0.114902
0.113312
0.131527
0.111530
0.105114
0.109549
0.112273
0.113320
0.115458
0.111744
0.135109
0.124666
0.116852
0.111457
0.124511
0.371829
0.216985
0.129374
0.116322
0.120146
0.123989
0.122928
0.127866
0.129560
0.113989
0.120056
0.141365
0.116976
0.119588
0.118272
0.115093
0.105582
0.132297
0.115443
0.123241
0.130623
0.118042
0.136836
0.121997
0.110807
0.114460
0.111861
0.112683
0.130988
0.110805
0.108421
0.128266
0.116351
0.113588
0.117906
0.107709
0.107628
0.119731
0.106395
0.117980
0.127936
0.125442
0.129923
0.117728
0.118155
0.115083
0.129558
0.112762
0.124436
0.120477
0.111483
0.111318
0.116305
0.109030
0.114516
0.118017
0.108855
0.110286
0.109517
0.109916
0.120486
0.104998
0.106714
0.117015
0.120171
0.115056
0.119635
0.119085
0.120258
0.128755
0.122263
0.126189
0.113960
0.131166
0.120163
0.116969
0.116117
0.110033
0.114076
0.129455
0.140101
0.111034
0.108529
0.108310
0.124790
0.139047
0.132423
0.134407
0.141780
0.115157
0.115553
0.116906
0.128682
0.106523
0.109673
0.143361
0.138801
0.209703
0.531089
0.264735
0.252043
0.155837
0.165890
0.117745
0.135716
0.204324
0.126334
0.163300
0.200061
0.128095
0.115897
0.148513
0.120890
0.127442
0.114914
0.122114
0.135190
0.113917
0.114012
0.105827
0.108632
0.111614
0.096732
0.109205
0.118567
0.120064
0.113689
0.122371
0.111358
0.114289
0.107607
0.108439
0.109785
0.109799
0.110415
0.114284
0.116381
0.110202
0.132300
0.138145
0.117445
0.134346
0.115412
0.115903
0.124067
0.116595
0.111486
0.109436
0.140799
0.119920
0.105255
0.104796
0.093428
0.128723
0.108761
0.121649
0.113678
0.121662
0.112214
0.107137
0.108584
0.107027
0.102377
0.128590
0.133604
0.153141
0.112041
0.108424
0.137430
0.121947
0.108193
0.104254
0.106051
0.111886
0.114307
0.116366
0.135073
0.110590
0.106145
0.117998
0.122665
0.119777
0.114549
0.109742
0.114480
0.117363
0.120679
0.120516
0.120334
0.117345
0.109871
0.127432
0.114825
0.110427
0.115384
0.113662
0.110949
0.114006
0.143571
0.118283
0.117680
0.109304
0.115913
0.141898
0.111607
0.114315
0.117919
0.112980
0.118582
0.112299
0.111172
0.113020
0.111932
0.108698
0.107339
0.111591
0.130372
0.108405
0.128401
0.110174
0.110486
0.112485
0.111621
0.111320
0.118040
0.110783
0.104914
0.113453
0.119987
0.109485
0.114821
0.108020
0.131286
0.121075
0.114888
0.115152
0.118047
0.119046
0.118940
0.115550
0.110363
0.111763
0.132296
0.131881
0.113715
0.107580
0.110475
0.110360
0.105879
0.120725
0.117467
0.124314
0.117207
0.141602
0.126045
0.122035
0.132459
0.106650
0.110631
0.112710
0.101651
0.114102
0.110414
0.131937
0.131968
0.105874
0.129168
0.121983
0.129435
0.119800
0.111200
0.125026
0.122645
0.118031
0.123020
0.117805
0.133831
0.138689
0.135304
0.125891
0.112797
0.123899
0.115281
0.133027
0.107014
0.111669
0.135762
0.110494
0.113692
0.111058
0.110641
0.115696
0.128097
0.109673
0.135540
0.116947
0.134341
0.112493
0.116655
0.118910
0.130910
0.112030
0.120408
0.114195
0.103691
0.113330
0.112496
0.110891
0.115353
0.117254
0.131264
0.121064
0.107151
0.108880
0.134633
0.113214
0.110392
0.112541
0.105591
0.111464
0.111320
0.129337
0.108952
0.124379
0.109723
0.109653
0.122127
0.119759
0.117830
0.109505
0.109181
0.103374
0.111872
0.112752
0.117120
0.106852
0.117403
0.122065
0.112286
0.111967
0.112020
0.113419
0.107293
0.114503
0.113964
0.122028
0.105194
0.112607
0.129735
0.124171
0.159230
0.118699
0.109712
0.198811
0.165745
0.173939
0.146631
0.196340
0.123270
0.125351
0.111554
0.124812
0.115271
0.109037
0.118343
0.130790
0.114435
0.109694
0.110209
0.108630
0.123050
0.110177
0.123602
0.110768
0.106250
0.112163
0.108870
0.104118
0.105578
0.115600
0.112343
0.106171
0.105729
0.103102
0.115477
0.113180
0.125203
0.103941
0.107774
0.118157
0.124540
0.119022
0.109789
0.102871
0.106787
0.107635
0.104175
0.118474
0.117642
0.108192
0.099785
0.104412
0.115559
0.114756
0.100230
0.125549
0.114972
0.127497
0.109939
0.103914
0.109199
0.120172
0.099367
0.129268
0.110515
0.105702
0.110329
0.116119
0.120676
0.123262
0.126062
0.106640
0.120079
0.113358
0.117156
0.106778
0.111353
0.134875
0.109527
0.111381
0.117680
0.109195
0.121620
0.112580
0.123064
0.111138
0.113643
0.108629
0.112734
0.104713
0.107821
0.117535
0.122624
0.119174
0.125123
0.153444
0.139548
0.144124
0.140400
0.135543
0.116362
0.123939
0.122960
0.109901
0.134401
0.127660
0.116818
0.116475
0.112936
0.117701
0.131647
0.119979
0.104268
0.125780
0.120104
0.110954
0.107908
0.122573
0.111500
0.110059
0.123772
0.125666
0.114581
0.120040
0.126850
0.114700
0.112983
0.121588
0.158787
0.170454
0.168121
0.119351
0.127699
0.125685
0.114022
0.118607
0.123895
0.117705
0.128909
0.117149
0.119183
0.121947
0.136489
0.125546
0.111760
0.116478
0.104236
0.115541
0.113272
0.113145
0.108526
0.100514
0.121617
0.114855
0.105329
0.130749
0.316374
0.356761
0.117809
0.130882
0.120955
0.114407
0.147719
0.115287
0.111825
0.117349
0.125262
0.112837
0.113284
0.113444
0.106787
0.130481
0.111914
0.150004
0.106273
0.162221
0.124906
0.129303
0.143285
0.119193
0.111387
0.168079
0.150637
0.115283
0.125407
0.122524
0.115045
0.121510
0.115911
0.122492
0.114000
0.108330
0.116523
0.103722
0.110382
0.117352
0.111873
0.122886
0.114013
0.131003
0.117384
0.121263
0.112144
0.112232
0.116604
0.117041
0.141483
0.125170
0.132398
0.110581
0.106862
0.140489
0.125492
0.120519
0.108060
0.108940
0.108456
0.131935
0.121962
0.146993
0.141021
0.152568
0.112287
0.115824
0.124668
0.127263
0.123295
0.114366
0.120087
0.115432
0.136967
0.117290
0.111637
0.110396
0.111793
0.132258
0.112820
0.108495
0.113259
0.110897
0.154934
0.104666
0.115438
0.104459
0.132944
0.112803
0.132047
0.107768
0.113051
0.113854
0.110397
0.110071
0.121365
0.126431
0.117438
0.140982
0.124327
0.119319
0.117741
0.110451
0.111459
0.122240
0.133189
0.123882
0.128127
0.123041
0.122176
0.124627
0.113672
0.116321
0.110848
0.110493
0.108095
0.111974
0.137427
0.359226
0.146817
0.110631
0.119521
0.126612
0.118251
0.108429
0.112371
0.132914
0.112427
0.118097
0.124957
0.109597
0.104957
0.114738
0.118680
0.118066
0.114837
0.115852
0.116333
0.145597
0.117063
0.129212
0.113885
0.113275
0.124551
0.129641
0.130584
0.120383
0.138795
0.120427
0.126609
0.119854
0.111863
0.108243
0.111974
0.121388
0.103277
0.127781
0.124766
0.111713
0.106189
0.111149
0.110483
0.143863
0.125114
0.131607
0.111900
0.118254
0.115982
0.129335
0.128192
0.122285
0.106191
0.112258
0.102274
0.114149
0.128191
0.110493
0.107664
0.112703
0.118524
0.102434
0.126136
0.117264
0.111170
0.116579
0.116226
0.112084
0.119176
0.150055
0.134359
0.121737
0.145075
0.121153
0.123911
0.144554
0.137694
0.118775
0.112818
0.112382
0.113523
0.118671
0.118324
0.119501
0.125026
0.135535
0.109538
0.111285
0.108789
0.125480
0.136017
0.113714
0.118877
0.117312
0.116188
0.115709
0.115690
0.110878
0.117103
0.117182
0.117411
0.116737
0.118934
0.122143
0.110434
0.117172
0.136181
0.110526
0.112627
0.111013
0.122437
0.121777
0.120753
0.132339
0.125982
0.134488
0.116675
0.113357
0.124679
0.125853
0.116494
0.113348
0.116986
0.130271
0.118534
0.121955
0.113734
0.140316
0.111685
0.121960
0.135702
0.118974
0.117749
0.119623
0.118091
0.115615
0.113407
0.123331
0.128357
0.112391
0.102971
0.125235
0.116544
0.108039
0.108614
0.114632
0.111426
0.105446
0.103521
0.113324
0.104882
0.119126
0.107623
0.111615
0.115504
0.163619
0.165472
0.139867
0.126593
0.111609
0.112037
0.107873
0.117379
0.109494
0.112281
0.129239
0.113114
0.112718
0.118152
0.119445
0.142777
0.116935
0.121551
0.108741
0.110980
0.119385
0.120430
0.111656
0.110234
0.114077
0.134176
0.113595
0.112746
0.107474
0.112467
0.113672
0.112840
0.111375
0.107176
0.135452
0.118946
0.154234
0.110019
0.130131
0.112521
0.106471
0.126968
0.141549
0.128695
0.144362
0.133316
0.128582
0.120780
0.115508
0.130811
0.118690
0.142343
0.120930
0.128870
0.123957
0.119175
0.128826
0.118347
0.117649
0.109782
0.112804
0.134318
0.114072
0.115083
0.105006
0.112675
0.114750
0.112932
0.108728
0.108130
0.113890
0.122546
0.131157
0.105543
0.121000
0.114160
0.118649
0.108029
0.109568
0.106377
0.124233
0.121961
0.118869
0.120040
0.124553
0.132262
0.123532
0.121868
0.131698
0.130320
0.120654
0.136631
0.111976
0.119346
0.114056
0.255679
0.413377
0.132535
0.114747
0.112601
0.122175
0.110369
0.117319
0.124744
0.113582
0.118941
0.138264
0.112815
0.125036
0.120009
0.111354
0.107277
0.109187
0.113377
0.127866
0.128522
0.130983
0.112302
0.115519
0.126616
0.144658
0.108085
0.106328
0.103670
0.110087
0.122376
0.116653
0.126929
0.117231
0.119252
0.124557
0.122456
0.118962
0.113884
0.105103
0.117638
0.112240
0.126196
0.126803
0.112428
0.114862
0.107668
0.122185
0.114982
0.131999
0.114007
0.112798
0.113301
0.105077
0.112783
0.109768
0.115710
0.110426
0.105057
0.115145
0.113227
0.104275
0.115952
0.107563
0.110109
0.113051
0.110961
0.118311
0.110288
0.125825
0.110191
0.118401
0.112490
0.106674
0.117243
0.118563
0.109834
0.119547
0.125034
0.119824
0.145649
0.121332
0.120285
0.115856
0.115909
0.130776
0.124919
0.117964
0.138023
0.118842
0.135454
0.120143
0.124800
0.105091
0.116365
0.107736
0.105391
0.114975
0.113111
0.124041
0.109726
0.123477
0.132099
0.127184
0.111953
0.112008
0.111745
0.110251
0.113270
0.115557
0.104636
0.127954
0.111033
0.116274
0.114267
0.108971
0.119458
0.120719
0.117610
0.134437
0.199606
0.135155
0.158861
0.142495
0.148555
0.134092
0.140161
0.144191
0.114092
0.118807
0.127736
0.112017
0.130215
0.126361
0.107189
0.113995
0.118819
0.131403
0.124846
0.129216
0.122869
0.106325
0.116950
0.111783
0.114379
0.131834
0.114881
0.126831
0.109376
0.121307
0.121767
0.114489
0.115431
0.132839
0.141547
0.115974
0.129261
0.111673
0.115425
0.121686
0.110055
0.137518
0.146745
0.120244
0.132054
0.117700
0.114357
0.110572
0.118649
0.111318
0.117079
0.108992
0.123430
0.113503
0.105938
0.115268
0.117958
0.113060
0.105818
0.117795
0.115764
0.106957
0.105406
0.117408
0.113685
0.109744
0.116367
0.113794
0.119658
0.211927
0.171361
0.106694
0.114652
0.123284
0.125252
0.133785
0.120691
0.117550
0.119542
0.115375
0.114365
0.119705
0.123159
0.120960
0.128064
0.136812
0.115541
0.113565
0.110962
0.133368
0.128302
0.117663
0.111621
0.113848
0.120025
0.138348
0.123915
0.110421
0.112079
0.112739
0.110203
0.115997
0.117417
0.123572
0.120152
0.121608
0.124628
0.105202
0.114866
0.121571
0.125167
0.135360
0.116910
0.113612
0.117240
0.114411
0.134852
0.110285
0.121727
0.109491
0.124990
0.119375
0.109835
0.120920
0.126499
0.131909
0.118270
0.124112
0.165010
0.131847
0.144450
0.114927
0.118449
0.102894
0.124487
0.124612
0.108886
0.108225
0.101035
0.106094
0.108667
0.111253
0.142450
0.105793
0.117895
0.123242
0.125442
0.109557
0.116097
0.127182
0.113716
0.110278
0.109079
0.119613
0.141512
0.118271
0.101493
0.117080
0.120467
0.107163
0.098572
0.113269
0.125451
0.111388
0.107683
0.105278
0.106542
0.127711
0.134226
0.134773
0.142812
0.184411
0.158323
0.126238
0.131389
0.128224
0.118390
0.119405
0.115928
0.122785
0.107484
0.130792
0.112173
0.123434
0.127195
0.117615
0.119000
0.114463
0.115295
0.126805
0.118790
0.116267
0.128963
0.129737
0.112940
0.126648
0.132361
0.129552
0.121041
0.116317
0.120064
0.115547
0.128631
0.122764
0.138325
0.140873
0.130690
0.131463
0.122990
0.128257
0.157461
0.147501
0.164501
0.146808
0.128829
0.129968
0.126661
0.130731
0.121558
0.122948
0.131251
0.116887
0.138071
0.139007
0.125387
0.118356
0.141582
0.117342
0.121304
0.129331
0.126864
0.132786
0.117210
0.116892
0.124260
0.115632
0.123145
0.113327
0.128629
0.110850
0.118031
0.110639
0.117995
0.121267
0.104497
0.102253
0.112020
0.123535
0.110838
0.110105
0.114372
0.109363
0.125270
0.122039
0.121418
0.134622
0.133910
0.112244
0.119405
0.109601
0.121475
0.125405
0.108431
0.116524
0.114173
0.113912
0.366167
0.307534
0.118489
0.116278
0.116105
0.115214
0.118998
0.132093
0.116797
0.112153
0.385245
0.177473
0.144070
0.160201
0.140904
0.123632
0.120627
0.118007
0.108666
0.137358
0.119714
0.115926
0.124559
0.119434
0.133866
0.119689
0.134053
0.135846
0.110237
0.121297
0.131956
0.113897
0.110817
0.122599
0.126028
0.123232
0.135976
0.145185
0.113026
0.105748
0.111262
0.128932
0.114444
0.106120
0.111623
0.127182
0.119102
0.126191
0.112406
0.110623
0.106920
0.118355
0.115958
0.114059
0.119217
0.109101
0.113673
0.115386
0.116307
0.111847
0.117383
0.117546
0.116066
0.130450
0.109224
0.119248
0.118014
0.121344
0.122825
0.130360
0.133487
0.132827
0.125833
0.120314
0.123003
0.112060
0.107695
0.115076
0.113729
0.129242
0.117223
0.117280
0.121920
0.108770
0.139967
0.110228
0.118674
0.132717
0.115797
0.133748
0.110134
0.134504
0.123153
0.129736
0.127656
0.144580
0.149494
0.131008
0.131108
0.111349
0.126761
0.115991
0.132509
0.118165
0.113692
0.123152
0.115846
0.117762
0.115306
0.129704
0.122507
0.125221
0.132878
0.126144
0.133890
0.125459
0.111083
0.112724
0.127821
0.129353
0.112653
0.109935
0.117476
0.110978
0.105808
0.115769
0.117893
0.118962
0.133162
0.118764
0.110535
0.119663
0.117546
0.107593
0.103501
0.106698
0.126174
0.129181
0.117081
0.109216
0.120758
0.108793
0.112100
0.120345
0.118079
0.139562
0.110458
0.111613
0.116180
0.110181
0.114477
0.122204
0.129867
0.136492
0.129660
0.135173
0.135130
0.123621
0.127189
0.113905
0.114301
0.109848
0.117812
0.113418
0.120283
0.117890
0.131079
0.126489
0.105023
0.111913
0.131805
0.112989
0.112936
0.120938
0.120746
0.116559
0.132690
0.118196
0.112721
0.106902
0.131721
0.133827
0.111306
0.114564
0.114666
0.151506
0.114959
0.117222
0.109443
0.131956
0.121663
0.102169
0.149419
0.134460
0.117278
0.128312
0.114809
0.111023
0.125852
0.125290
0.116943
0.124788
0.109249
0.140533
0.119994
0.110958
0.112930
0.114290
0.104950
0.109298
0.116994
0.109451
0.103936
0.105433
0.126015
0.111112
0.107638
0.115666
0.120599
0.105374
0.121052
0.103734
0.110519
0.107356
0.107514
0.109452
0.108053
0.122390
0.108540
0.118487
0.145882
0.124730
0.118415
0.112539
0.112411
0.129104
0.115160
0.111392
0.128357
0.134244
0.116501
0.135052
0.135691
0.132953
0.113992
0.134033
0.121398
0.117217
0.120494
0.116670
0.163581
0.175588
0.174661
0.130014
0.130261
0.114978
0.127215
0.110717
0.115055
0.105776
0.129864
0.119243
0.110614
0.121950
0.114512
0.123044
0.115195
0.106895
0.113544
0.109144
0.136595
0.116282
0.113603
0.113868
0.115580
0.119087
0.120774
0.148385
0.109050
0.115687
0.126936
0.121438
0.118176
0.148410
0.121170
0.113086
0.118710
0.119329
0.112164
0.109822
0.131345
0.115512
0.114048
0.137049
0.113764
0.128624
0.117238
0.115839
0.131433
0.124199
0.124859
0.115525
0.117477
0.129163
0.125218
0.106953
0.120774
0.118375
0.139021
0.114020
0.108491
0.113756
0.104573
0.108314
0.111205
0.103503
0.125410
0.121831
0.124966
