1.430646
0.184722
0.153406
0.134165
0.151059
0.144282
0.141549
0.135761
0.140827
0.162248
0.166550
0.150619
0.133753
0.152280
0.142465
0.144267
0.140635
0.135966
0.168342
0.175028
0.164237
0.134889
0.129883
0.163383
0.154969
0.169221
0.154913
0.121457
0.170208
0.130319
0.145974
0.144653
0.130610
0.173091
0.137545
0.134947
0.110721
0.123705
0.161345
0.164889
0.188027
0.160222
0.124173
0.174127
0.194405
0.145024
0.176076
0.164218
0.140092
0.131247
0.166935
0.174806
0.156221
0.167996
0.199133
0.147243
0.146700
0.158496
0.140007
0.250302
0.212319
0.235496
0.280335
0.283684
0.253428
0.268558
0.194281
0.132583
0.138381
0.111989
0.125264
0.200977
0.184843
0.142445
0.143851
0.152334
0.111332
0.119974
0.112549
0.139277
0.114844
0.120584
0.135658
0.118937
0.134385
0.115885
0.141536
0.109365
0.122617
0.183981
0.120918
0.156298
0.125474
0.122287
0.164235
0.153966
0.169232
0.149576
0.191688
0.124817
0.179483
0.156202
0.141909
0.127513
0.167571
0.165853
0.125119
0.170345
0.180269
0.146419
0.133254
0.124206
0.127838
0.137857
0.139624
0.127635
0.142101
0.118651
0.162511
0.267211
0.231130
0.184487
0.167895
0.229692
0.208265
0.132632
0.118187
0.173658
0.115628
0.151036
0.155267
0.123447
0.307185
0.292355
0.144113
0.145595
0.158781
0.138494
0.144296
0.129411
0.127609
0.116525
0.156817
0.173911
0.145462
0.143231
0.127596
0.144966
0.147980
0.126339
0.119077
0.146270
0.132477
0.138740
0.156653
0.133019
0.140585
0.142678
0.134498
0.144836
0.115500
0.135025
0.159861
0.143188
0.112505
0.138666
0.158909
0.149268
0.140589
0.158708
0.135239
0.103534
0.136597
0.147056
0.131962
0.133236
0.167303
0.137698
0.555614
0.161737
0.155271
0.120565
0.169092
0.141077
0.150389
0.175501
0.137152
0.120390
0.154659
0.127339
0.107113
0.131503
0.141458
0.136858
0.118279
0.146578
0.124237
0.135544
0.135154
0.118131
0.140313
0.137837
0.137923
0.124742
0.127119
0.105190
0.132077
0.139990
0.112562
0.125802
0.123859
0.157550
0.143910
0.132510
0.137425
0.134133
0.144726
0.127118
0.132078
0.128943
0.125137
0.160040
0.130672
0.159913
0.156339
0.169787
0.158433
0.162153
0.131298
0.149544
0.134099
0.127115
0.139285
0.142513
0.125928
0.148552
0.139721
0.155350
0.115457
0.102713
0.117605
0.116208
0.144354
0.140061
0.125394
0.137603
0.111755
0.127303
0.152749
0.122511
0.117820
0.132045
0.122263
0.144048
0.130271
0.146684
0.112419
0.135976
0.125950
0.112187
0.129838
0.129088
0.104306
0.131077
0.130198
0.128257
0.118515
0.129002
0.148351
0.129157
0.130923
0.125375
0.168671
0.120639
0.129965
0.125470
0.143436
0.130627
0.484608
0.220131
0.142934
0.124219
0.122398
0.122103
0.134344
0.122240
0.118888
0.154433
0.161006
0.139520
0.116837
0.153401
0.145954
0.134629
0.136024
0.129673
0.125912
0.157212
0.129757
0.141490
0.153337
0.124910
0.128422
0.152275
0.135366
0.138049
0.119026
0.140557
0.134934
0.150783
0.129321
0.105169
0.166780
0.165564
0.146209
0.135584
0.175839
0.197739
0.157603
0.170974
0.145143
0.141578
0.148451
0.196703
0.124897
0.137501
0.142223
0.174317
0.271646
0.218262
0.174967
0.186250
0.171941
0.215967
0.119153
0.127179
0.132932
0.128190
0.140322
0.137536
0.163390
0.132733
0.148422
0.138571
0.119006
0.114168
0.137762
0.143933
0.135301
0.125219
0.140637
0.120688
0.123029
0.140838
0.142930
0.131474
0.121541
0.125517
0.114055
0.129908
0.134951
0.120110
0.118638
0.110255
0.141584
0.122992
0.132094
0.114378
0.130701
0.113569
0.127867
0.134726
0.110087
0.109992
0.130329
0.131213
0.150927
0.132105
0.122693
0.113909
0.129491
0.119469
0.147403
0.118156
0.141542
0.130742
0.131049
0.109313
0.127664
0.115388
0.110030
0.111467
0.133091
0.133357
0.138016
0.117250
0.138056
0.118208
0.115307
0.115455
0.119401
0.101085
0.124828
0.192277
0.277899
0.126312
0.117839
0.125130
0.128606
0.144323
0.139389
0.111650
0.144023
0.126926
0.131073
0.126494
0.131375
0.142377
0.120442
0.144996
0.127134
0.117144
0.143724
0.131884
0.156785
0.136417
0.126872
0.149771
0.394602
0.161933
0.202654
0.153428
0.187793
0.144203
0.205342
0.212312
0.160861
0.130345
0.183417
0.112816
0.178809
0.180218
0.121899
0.164085
0.128464
0.121410
0.115676
0.162781
0.137213
0.134907
0.131490
0.142045
0.143848
0.156342
0.136796
0.227337
0.109174
0.124918
0.115384
0.141190
0.133042
0.147659
0.134672
0.135183
0.143756
0.120437
0.128953
0.134365
0.124115
0.113692
0.123313
0.136171
0.156776
0.121492
0.138351
0.120371
0.138606
0.162647
0.130469
0.153591
0.132881
0.128039
0.121600
0.150971
0.125460
0.127412
0.115204
0.121106
0.135719
0.120153
0.141528
0.147729
0.146954
0.143568
0.154298
0.152042
0.120028
0.124803
0.142814
0.127615
0.152340
0.146034
0.126909
0.140819
0.124462
0.150427
0.124944
0.147850
0.144120
0.142439
0.146461
0.141701
0.179316
0.133697
0.116367
0.119999
0.112990
0.117721
0.128579
0.136479
0.136644
0.129144
0.136143
0.112329
0.134163
0.118129
0.107296
0.140374
0.165879
0.117364
0.126217
0.151830
0.137159
0.130161
0.120273
0.172700
0.195069
0.170723
0.157955
0.129079
0.147936
0.138318
0.149046
0.140819
0.150865
0.146640
0.109537
0.121662
0.124684
0.110271
0.124054
0.120999
0.126987
0.147997
0.138806
0.121895
0.133311
0.112958
0.114415
0.404963
0.159516
0.155354
0.126089
0.119347
0.142048
0.123184
0.125684
0.131371
0.120502
0.125234
0.101214
0.135519
0.121999
0.111076
0.103928
0.113374
0.118544
0.186983
0.174080
0.133939
0.119563
0.284650
0.131827
0.297918
0.147251
0.155465
0.143504
0.120738
0.153190
0.103858
0.115892
0.118681
0.118427
0.123223
0.120888
0.121961
0.118930
0.133703
0.120131
0.135054
0.108544
0.139039
0.121011
0.107492
0.097181
0.115925
0.104502
0.112835
0.127215
0.156486
0.118923
0.132573
0.132813
0.131109
0.129424
0.116636
0.119939
0.135402
0.116201
0.126918
0.138510
0.132695
0.136652
0.110181
0.122842
0.126655
0.129621
0.125957
0.135288
0.135587
0.114971
0.123032
0.114370
0.122931
0.099259
0.130793
0.411436
0.139734
0.102292
0.173035
0.135763
0.145704
0.128731
0.127077
0.135881
0.125748
0.144445
0.142819
0.129420
0.135915
0.132169
0.140535
0.132651
0.124821
0.155063
0.154682
0.162414
0.151221
0.119729
0.137317
0.129943
0.155107
0.156712
0.164447
0.132030
0.145160
0.147192
0.150010
0.212208
0.154956
0.143465
0.126353
0.118056
0.156007
0.121106
0.123230
0.106532
0.154555
0.127369
0.127257
0.142406
0.145154
0.161723
0.116625
0.154754
0.137441
0.152847
0.125635
0.108381
0.139706
0.152665
0.130722
0.349422
0.275483
0.148141
0.200494
0.173704
0.175074
0.132787
0.154632
0.133097
0.141784
0.163044
0.123349
0.144969
0.142885
0.142262
0.142199
0.123617
0.171312
0.200283
0.183200
0.107193
0.190878
0.141100
0.132972
0.123119
0.130926
0.174207
0.152901
0.181620
0.110805
0.138290
0.127024
0.109280
0.120302
0.156328
0.123407
0.216721
0.138585
0.126464
0.158633
0.144133
0.158625
0.141663
0.129964
0.147698
0.187290
0.154525
0.132107
0.166751
0.162957
0.148464
0.146496
0.189182
0.173273
0.156185
0.124785
0.132781
0.116002
0.154444
0.131255
0.120423
0.140397
0.131023
0.208488
0.139060
0.205568
0.143653
0.240989
0.152298
0.178289
0.201860
0.128389
0.114646
0.131444
0.159419
0.121090
0.139408
0.136267
0.160674
0.134089
0.122013
0.152016
0.123837
0.126699
0.167851
0.116208
0.137988
0.113079
0.134258
0.139654
0.139184
0.132686
0.135834
0.132230
0.135489
0.123710
0.124426
0.132829
0.121060
0.130209
0.124999
0.143352
0.131638
0.129223
0.130129
0.140041
0.109745
0.124665
0.127264
0.116878
0.132884
0.103564
0.123674
0.124403
0.140170
0.119446
0.134316
0.106902
0.129032
0.107689
0.115300
0.133148
0.132733
0.101343
0.145645
0.131800
0.119740
0.132096
0.131019
0.136128
0.375013
0.277032
0.176618
0.231871
0.133025
0.125911
0.162478
0.123942
0.128143
0.130889
0.119424
0.196131
0.186545
0.269707
0.178778
0.182154
0.211599
0.187245
0.151070
0.159997
0.173700
0.193926
0.136676
0.165935
0.193215
0.184456
0.115996
0.126016
0.172071
0.144197
0.162799
0.184745
0.141304
0.146829
0.126157
0.150227
0.175873
0.125232
0.146712
0.180262
0.178215
0.119092
0.197826
0.162780
0.116324
0.127570
0.442338
0.135012
0.116845
0.120204
0.186192
0.107928
0.184529
0.161413
0.126803
0.141435
0.180218
0.148405
0.131783
0.180531
0.113722
0.187375
0.137656
0.126087
0.171331
0.155845
0.190150
0.121622
0.195602
0.175678
0.176927
0.156049
0.144268
0.183351
0.242643
0.144415
0.196332
0.187611
0.183480
0.212445
0.224925
0.171701
0.133434
0.125254
0.150075
0.124785
0.136629
0.133323
0.111293
0.134294
0.145914
0.132133
0.146839
0.131892
0.214258
0.130294
0.169421
0.136239
0.187473
0.135557
0.136240
0.194577
0.150409
0.128508
0.171107
0.151715
0.163799
0.128144
0.160644
0.173192
0.129229
0.213991
0.137789
0.237089
0.136182
0.112662
0.123718
0.122800
0.110161
0.122226
0.096129
0.149653
0.138364
0.140402
0.169374
0.132111
0.478660
0.175364
0.138177
0.150234
0.138378
0.136233
0.135763
0.129889
0.125053
0.121311
0.146475
0.146004
0.123980
0.153910
0.130579
0.139353
0.120486
0.117317
0.126989
0.123547
0.133708
0.131155
0.153164
0.112248
0.119429
0.119021
0.130541
0.116591
0.125259
0.121900
0.122571
0.129449
0.124814
0.105597
0.124833
0.123418
0.109917
0.128995
0.127882
0.134781
0.148491
0.117191
0.123323
0.138664
0.141000
0.145137
0.135207
0.110030
0.121585
0.136327
0.129540
0.126352
0.109417
0.118356
0.114476
0.144051
0.139343
0.131459
0.137176
0.133950
0.120497
0.142279
0.122754
0.105295
0.129800
0.128592
0.110101
0.147971
0.131216
0.122198
0.116486
0.113738
0.114921
0.113638
0.104843
0.114127
0.131556
0.107109
0.115926
0.129541
0.114663
0.116790
0.118540
0.122207
0.128301
0.110354
0.112912
0.108649
0.106007
0.108792
0.132447
0.113466
0.107373
0.094650
0.112571
0.140674
0.130398
0.118767
0.164750
0.107511
0.097399
0.128888
0.139474
0.137636
0.141096
0.125966
0.117301
0.107641
0.128278
0.125785
0.110821
0.111142
0.136390
0.131478
0.098109
0.126004
0.115095
0.108503
0.138048
0.113430
0.127493
0.363072
0.279921
0.121144
0.124354
0.118238
0.103112
0.142155
0.148831
0.128729
0.121848
0.139628
0.133252
0.139822
0.127194
0.135350
0.138626
0.115564
0.133258
0.129677
0.132606
0.095876
0.138660
0.108879
0.116820
0.107063
0.133198
0.127059
0.115076
0.147206
0.115929
0.132125
0.334025
0.249094
0.132740
0.128083
0.137765
0.137252
0.128307
0.121990
0.133333
0.154942
0.134635
0.121683
0.129125
0.123282
0.135738
0.115765
0.140960
0.136782
0.132180
0.122446
0.133043
0.129516
0.137191
0.129802
0.116509
0.110594
0.125444
0.121840
0.123146
0.131611
0.161063
0.133024
0.101773
0.140452
0.135489
0.116248
0.113434
0.111791
0.119872
0.131226
0.148500
0.128956
0.146805
0.106164
0.138714
0.131506
0.116722
0.140961
0.134539
0.120844
0.132700
0.130738
0.129791
0.114653
0.131974
0.137475
0.126016
0.148083
0.107911
0.147877
0.171495
0.139577
0.158951
0.167378
0.133179
0.162162
0.133308
0.151186
0.132136
0.119998
0.136796
0.146086
0.123448
0.117777
0.112260
0.127056
0.133574
0.113040
0.144507
0.124254
0.111067
0.128725
0.119951
0.111384
0.128885
0.121816
0.119415
0.124305
0.135000
0.105108
0.126035
0.151240
0.141196
0.112042
0.137945
0.132979
0.123215
0.139423
0.164616
0.137445
0.229030
0.190036
0.134882
0.179145
0.222085
0.221876
0.156496
0.117502
0.129584
0.136634
0.160381
0.517611
0.230542
0.169551
0.139018
0.139240
0.127777
0.147280
0.157522
0.131323
0.136032
0.143675
0.126276
0.168583
0.125091
0.138021
0.132610
0.116173
0.142673
0.139684
0.116202
0.147778
0.114459
0.158563
0.151312
0.116793
0.135736
0.128784
0.134062
0.151022
0.148819
0.140148
0.197334
0.182831
0.179530
0.148788
0.158351
0.146030
0.162818
0.153185
0.132421
0.099483
0.129520
0.134878
0.184935
0.175797
0.125185
0.139510
0.137795
0.165395
0.135052
0.116265
0.146609
0.187254
0.207789
0.146813
0.192872
0.126745
0.183807
0.152391
0.227323
0.172842
0.117243
0.149349
0.104381
0.124323
0.124435
0.123408
0.109124
0.117875
0.134223
0.118969
0.112562
0.124779
0.179575
0.116005
0.188874
0.141466
0.153314
0.151668
0.165702
0.145559
0.116208
0.124835
0.124234
0.116368
0.116870
0.121948
0.113355
0.114606
0.144353
0.099013
0.122563
0.119662
0.154278
0.172774
0.119080
0.161885
0.129699
0.136346
0.121617
0.111990
0.121218
0.119655
0.155906
0.154561
0.136147
0.128469
0.122570
0.138532
0.123780
0.116500
0.193002
0.113617
0.121657
0.138286
0.140350
0.129480
0.124424
0.124098
0.100135
0.113202
0.126005
0.354425
0.217191
0.132357
0.348356
0.295312
0.143736
0.122953
0.145323
0.128794
0.124791
0.134046
0.132179
0.121915
0.136667
0.138610
0.138073
0.150951
0.119218
0.138161
0.112058
0.114741
0.118642
0.103133
0.139018
0.135455
0.146956
0.129329
0.117582
0.131693
0.133140
0.129605
0.118898
0.132423
0.147130
0.149797
0.158922
0.119225
0.127400
0.183601
0.167416
0.142308
0.140990
0.155227
0.123479
0.189483
0.164120
0.131015
0.133102
0.135857
0.182669
0.133502
0.140595
0.123727
0.153503
0.217854
0.138521
0.109398
0.138193
0.120108
0.184225
0.141945
0.144638
0.179275
0.176049
0.179842
0.119508
0.172108
0.190250
0.173410
0.122806
0.230541
0.134751
0.137144
0.206437
0.170926
0.133265
0.171546
0.162514
0.155484
0.165165
0.137771
0.156438
0.122863
0.120334
0.116410
0.130545
0.113468
0.146763
0.115107
0.152691
0.132330
0.131983
0.134218
0.119008
0.148962
0.112955
0.127403
0.132733
0.129783
0.119556
0.126586
0.128108
0.138252
0.130418
0.135979
0.134897
0.125197
0.158530
0.126773
0.125236
0.147747
0.132876
0.118075
0.121913
0.131065
0.124184
0.119846
0.131420
0.147446
0.132501
0.126153
0.118794
0.129861
0.120286
0.119750
0.143590
0.136028
0.145346
0.123626
0.146675
0.115126
0.127730
0.142121
0.139360
0.133512
0.123875
0.116653
0.120582
0.134725
0.124608
0.126237
0.102638
0.422253
0.288772
0.156039
0.155451
0.146120
0.151322
0.142227
0.128355
0.149905
0.125649
0.108534
0.111779
0.117605
0.128317
0.119951
0.128663
0.120947
0.109235
0.144339
0.112077
0.125913
0.126958
0.116409
0.131239
0.094221
0.124792
0.130436
0.107925
0.098918
0.121334
0.128998
0.124934
0.122725
0.123333
0.121873
0.115562
0.120061
0.142352
0.128049
0.144104
0.122686
0.132181
0.123092
0.123027
0.134325
0.144260
0.138047
0.109760
0.179157
0.210368
0.223926
0.126399
0.132914
0.155222
0.195867
0.159554
0.129829
0.172236
0.166648
0.179725
0.136233
0.126251
0.135505
0.122294
0.143165
0.137568
0.138109
0.129380
0.132336
0.125450
0.123301
0.092421
0.116534
0.129193
0.126013
0.119416
0.127493
0.111873
0.129068
0.114766
0.124162
0.145243
0.110096
0.118520
0.117320
0.137434
0.138292
0.111989
0.237286
0.228863
0.132133
0.128922
0.148807
0.132496
0.125658
0.145075
0.122084
0.119375
0.127048
0.122975
0.131706
0.125753
0.143662
0.140206
0.183475
0.137154
0.175497
0.175279
0.139788
0.112754
0.130198
0.144912
0.180906
0.121013
0.119492
0.124587
0.127859
0.112050
0.120743
0.170087
0.117393
0.124868
0.119679
0.105177
0.101956
0.124177
0.151877
0.185273
0.172128
0.238799
0.292113
0.399000
0.159582
0.155057
0.144039
0.148023
0.128646
0.124255
0.109143
0.113219
0.137697
0.107330
0.102056
0.143008
0.143234
0.134739
0.139160
0.126431
0.128302
0.130115
0.126801
0.128086
0.120726
0.118990
0.115882
0.121931
0.128324
0.132231
0.128617
0.097587
0.122859
0.116199
0.123517
0.118372
0.132612
0.131473
0.132070
0.136726
0.136486
0.108972
0.130559
0.128471
0.118281
0.115212
0.119989
0.123028
0.147317
0.138840
0.119783
0.115928
0.128332
0.129392
0.131053
0.127552
0.120841
0.130085
0.130665
0.140933
0.134654
0.118878
0.142891
0.129741
0.122150
0.130696
0.132857
0.111347
0.110700
0.122187
0.125010
0.136230
0.135367
0.123800
0.156443
0.109368
0.135562
0.145362
0.126510
0.139827
0.121768
0.164888
0.160917
0.143743
0.143114
0.141440
0.144930
0.122579
0.127570
0.134656
0.111650
0.136547
0.123102
0.117709
0.115971
0.135559
0.139866
0.114545
0.119333
0.118465
0.143818
0.141804
0.130258
0.112255
0.121643
0.118944
0.136605
0.114438
0.151516
0.123752
0.121818
0.145315
0.118514
0.139156
0.128878
0.131748
0.119448
0.125528
0.130746
0.132935
0.110682
0.123433
0.132522
0.124984
0.138018
0.151674
0.117022
0.107465
0.124460
0.146581
0.130334
0.120232
0.513340
0.164269
0.139908
0.124583
0.144066
0.124168
0.111207
0.127958
0.143036
0.107214
0.104028
0.113297
0.123154
0.116883
0.113852
0.126512
0.114442
0.117715
0.118157
0.119981
0.117017
0.125123
0.127127
0.128368
0.117271
0.125444
0.110159
0.097114
0.121187
0.116182
0.121462
0.133488
0.118513
0.137660
0.115914
0.135488
0.121009
0.133097
0.147022
0.115159
0.110481
0.133239
0.114518
0.121812
0.123586
0.147578
0.215802
0.199845
0.172407
0.183152
0.112181
0.113383
0.224238
0.145968
0.162973
0.126839
0.120877
0.104527
0.112183
0.118628
0.113108
0.118797
0.125420
0.121591
0.367664
0.232221
0.158622
0.145470
0.126953
0.151707
0.149831
0.132493
0.136705
0.209445
0.168876
0.141837
0.246567
0.119375
0.133505
0.095230
0.128368
0.125811
0.118321
0.101313
0.111951
0.102070
0.119903
0.121562
0.130418
0.106690
0.128344
0.111090
0.140798
0.121896
0.116823
0.149187
0.115073
0.132489
0.134462
0.116583
0.117455
0.121104
0.123376
0.142220
0.115279
0.136716
0.143017
0.136824
0.120500
0.134109
0.127036
0.168699
0.190309
0.159619
0.112375
0.200799
0.147904
0.127268
0.163134
0.179108
0.160364
0.172824
0.166129
0.291148
0.157212
0.183663
0.156879
0.121781
0.120701
0.191547
0.111482
0.127874
0.166751
0.147316
0.151730
0.146349
0.107327
0.117134
0.113582
0.119959
0.125745
0.129663
0.411799
0.209094
0.126275
0.107159
0.121297
0.102048
0.112523
0.108431
0.133002
0.115891
0.119080
0.116645
0.126716
0.140952
0.114311
0.115596
0.110274
0.131388
0.152806
0.123336
0.120850
0.140090
0.132269
0.131392
0.127697
0.131582
0.136827
0.171099
0.192078
0.131812
0.146564
0.144191
0.189380
0.246336
0.165195
0.135442
0.144522
0.110239
0.125854
0.142452
0.127930
0.136026
0.136580
0.138713
0.128070
0.112277
0.144610
0.108038
0.130193
0.113563
0.125518
0.138099
0.119586
0.142670
0.141926
0.121662
0.118335
0.137220
0.117954
0.116783
0.109977
0.102947
0.142962
0.120089
0.118090
0.113114
0.119783
0.120449
0.125777
0.121424
0.123831
0.172890
0.136383
0.120240
0.129485
0.130350
0.128008
0.133451
0.116561
0.126241
0.144473
0.127586
0.135095
0.127025
0.128650
0.125032
0.109109
0.132768
0.178985
0.132435
0.149903
0.113156
0.120052
0.132231
0.128226
0.130113
0.121133
0.122826
0.108657
0.150088
0.142519
0.119417
0.136121
0.134190
0.140799
0.103564
0.112864
0.116144
0.111377
0.129455
0.121813
0.123736
0.133339
0.102248
0.118951
0.137632
0.135651
0.126732
0.132662
0.121531
0.140795
0.112978
0.133382
0.127036
0.169038
0.148177
0.139545
0.184380
0.145436
0.144065
0.164161
0.129476
0.135062
0.143615
0.158676
0.122882
0.190804
0.532420
0.317140
0.126183
0.133028
0.169679
0.142776
0.118298
0.124459
0.116351
0.118700
0.149472
0.122759
0.123226
0.131480
0.131521
0.122882
0.149990
0.114751
0.383640
0.334377
0.142143
0.160429
0.187059
0.127201
0.124658
0.144621
0.156190
0.125098
0.134481
0.194947
0.139705
0.119527
0.173402
0.129081
0.161685
0.112881
0.125572
0.172987
0.180993
0.146783
0.127400
0.183599
0.144280
0.210985
0.158887
0.197472
0.206036
0.129763
0.179846
0.242056
0.125666
0.117413
0.122305
0.159919
0.166120
0.146108
0.188623
0.175433
0.147048
0.153485
0.184227
0.121767
0.111450
0.114052
0.125261
0.129416
0.133991
0.181608
0.113604
0.111273
0.142508
0.115438
0.114642
0.129897
0.118801
0.148097
0.150510
0.122744
0.122971
0.138684
0.122898
0.135677
0.137887
0.134089
0.133965
0.134995
0.139421
0.162746
0.128189
0.138804
0.144988
0.133614
0.149083
0.172923
0.165616
0.170450
0.229442
0.193402
0.135754
0.168323
0.165515
0.136928
0.160447
0.119486
0.132784
0.126897
0.127253
0.156944
0.141471
0.132641
0.139225
0.118420
0.145988
0.111401
0.119937
0.103530
0.147924
0.123873
0.122898
0.304052
0.377967
0.155408
0.145690
0.137649
0.124947
0.134016
0.131636
0.131795
0.109555
0.146594
0.124790
0.112220
0.133173
0.124180
0.144595
0.130514
0.110849
0.139863
0.142849
0.149996
0.232592
0.207695
0.108889
0.209250
0.120407
0.105058
0.119790
0.121474
0.104634
0.129853
0.111151
0.134438
0.120363
0.127805
0.106258
0.148922
0.141540
0.127962
0.126251
0.131906
0.134253
0.129696
0.120416
0.133515
0.126309
0.126371
0.116821
0.120908
0.116863
0.127642
0.128033
0.121132
0.132959
0.117142
0.120317
0.127954
0.134571
0.116158
0.111343
0.122096
0.123109
0.141405
0.110166
0.124385
0.116026
0.130778
0.130096
0.132005
0.130778
0.104113
0.117309
0.125492
0.130067
0.143085
0.125626
0.152049
0.154061
0.145420
0.213026
0.126527
0.148818
0.199175
0.125561
0.174420
0.193801
0.165373
0.188490
0.141148
0.132096
0.109131
0.126335
0.117935
0.142540
0.134092
0.133921
0.118658
0.117647
0.143236
0.111287
0.128209
0.125404
0.111998
0.119567
0.128570
0.136129
0.126953
0.119310
0.110189
0.113606
0.127186
0.116402
0.134664
0.140021
0.103033
0.122699
0.124271
0.120645
0.121125
0.109892
0.139325
0.136769
0.136292
0.485072
0.214794
0.153914
0.105096
0.461789
0.265760
0.137818
0.128224
0.121240
0.130278
0.129503
0.118739
0.108016
0.139319
0.115547
0.127079
0.112314
0.128404
0.125046
0.113496
0.125457
0.119349
0.138638
0.133811
0.127504
0.121025
0.133033
0.122160
0.125967
0.125816
0.112351
0.108784
0.137373
0.126650
0.102364
0.109247
0.129394
0.116377
0.124875
0.119853
0.118343
0.126999
0.157020
0.132025
0.131686
0.108429
0.111527
0.120937
0.132300
0.107911
0.103173
0.136779
0.093894
0.104924
0.119206
0.125189
0.139397
0.121596
0.133480
0.155846
0.165595
0.170573
0.204717
0.176606
0.148403
0.186911
0.162705
0.173526
0.147961
0.162767
0.162236
0.134440
0.138199
0.143020
0.121636
0.117426
0.149440
0.142922
0.119727
0.131823
0.128272
0.148132
0.133815
0.115904
0.134230
0.125241
0.120903
0.121127
0.113394
0.125145
0.122137
0.124564
0.109016
0.123007
0.130512
0.141806
0.119214
0.132370
0.131436
0.134900
0.112104
0.123186
0.130696
0.116348
0.133185
0.136995
0.140881
0.113545
0.133156
0.126104
0.126916
0.137818
0.109739
0.121356
0.113108
0.119346
0.131281
0.127856
0.119093
0.111870
0.148229
0.132032
0.129344
0.128728
0.149792
0.123013
0.148045
0.118764
0.126600
0.124122
0.116520
0.124517
0.132443
0.140113
0.140868
0.138878
0.153206
0.464597
0.322421
0.114883
0.118354
0.199481
0.177383
0.108400
0.152309
0.141625
0.124141
0.158376
0.164876
0.131691
0.172857
0.144934
0.203383
0.255828
0.163789
0.122514
0.133786
0.116892
0.128851
0.117506
0.116986
0.134164
0.151014
0.195403
0.116546
0.136188
0.146917
0.149802
0.124090
0.120342
0.113949
0.099206
0.119066
0.183029
0.138226
0.163752
0.151614
0.155181
0.159246
0.148282
0.183910
0.147332
0.184917
0.133119
0.216675
0.144126
0.110709
0.111809
0.129671
0.137226
0.100969
0.114180
0.120356
0.132390
0.116203
0.127342
0.124782
0.120822
0.119437
0.127990
0.094601
0.130400
0.124408
0.122468
0.168429
0.127153
0.133777
0.161750
0.126244
0.121952
0.122809
0.128832
0.105063
0.121002
0.129148
0.120853
0.130241
0.132914
0.113769
0.119978
0.138033
0.140643
0.230051
0.285023
0.139699
0.129422
0.129589
0.137527
0.128330
0.131009
0.147657
0.145940
0.131122
0.132500
0.111414
0.113280
0.116938
0.114721
0.135783
0.123031
0.164263
0.152707
0.130723
0.147761
0.154369
0.127545
0.162249
0.113280
0.120083
0.132241
0.133345
0.122223
0.127227
0.126853
0.132404
0.125685
0.111622
0.137895
0.127891
0.150800
0.117745
0.114049
0.411831
0.145066
0.130564
0.156357
0.142701
0.120351
0.158242
0.156927
0.130850
0.114821
0.135050
0.146540
0.128568
0.137390
0.135541
0.113177
0.130501
0.101725
0.136448
0.134923
0.132388
0.130565
0.110496
0.120104
0.139162
0.144669
0.135485
0.144143
0.134233
0.123021
0.135587
0.128247
0.121696
0.114155
0.130418
0.108291
0.148384
0.131673
0.132407
0.127690
0.129115
0.136266
0.133932
0.123685
0.126712
0.129537
0.123500
0.113558
0.125957
0.110546
0.117644
0.141457
0.130626
0.124940
0.110797
0.101966
0.116171
0.121546
0.145696
0.129847
0.127323
0.120939
0.139025
0.111797
0.131517
0.115060
0.133635
0.129671
0.142641
0.124200
0.140193
0.118353
0.157318
0.129105
0.127331
0.141731
0.118368
0.112316
0.117942
0.133487
0.114768
0.126444
0.104416
0.117234
0.134948
0.146308
0.125515
0.132734
0.127732
0.144442
0.119976
0.130295
0.119804
0.123820
0.112507
0.140866
0.116843
0.125046
0.112403
0.127823
0.113376
0.126172
0.123007
0.112810
0.126145
0.131314
0.139660
0.138227
0.115361
0.134097
0.141353
0.133130
0.152750
0.180175
0.166160
0.195906
0.176946
0.186813
0.204226
0.129636
0.117709
0.140028
0.150045
0.139811
0.139637
0.105669
0.138532
0.100204
0.127771
0.346105
0.314502
0.127828
0.128100
0.154542
0.134048
0.156599
0.127979
0.143864
0.128512
0.133953
0.126024
0.142725
0.127863
0.107002
0.147539
0.128803
0.147922
0.137287
0.124039
0.125243
0.123138
0.135221
0.132198
0.125639
0.135902
0.121710
0.120567
0.135015
0.120121
0.126706
0.132798
0.127260
0.123307
0.121666
0.135690
0.131651
0.142325
0.124948
0.101734
0.116578
0.104891
0.117616
0.113977
0.124544
0.123773
0.137040
0.121920
0.134213
0.107320
0.114286
0.094971
0.111326
0.111939
0.141038
0.118971
0.118355
0.300644
0.133511
0.133698
0.118491
0.130457
0.133855
0.114862
0.116394
0.116426
0.106430
0.142052
0.095384
0.121001
0.147421
0.140638
0.102751
0.134059
0.125476
0.097280
0.127374
0.119624
0.118864
0.119900
0.126906
0.123267
0.124228
0.119026
0.107988
0.132433
0.119990
0.121150
0.105847
0.126853
0.108045
0.111478
0.123153
0.115942
0.119683
0.117198
0.125911
0.141451
0.125475
0.138624
0.123643
0.137949
0.155042
0.144562
0.128914
0.124282
0.122240
0.118200
0.126834
0.119458
0.129999
0.127450
0.123509
0.116538
0.141413
0.114675
0.138081
0.120030
0.124769
0.113891
0.115493
0.115200
0.127003
0.120267
0.121051
0.146068
0.119701
0.138176
0.120323
0.150719
0.335197
0.268556
0.128449
0.138066
0.131788
0.118521
0.119138
0.143576
0.129074
0.112365
0.159814
0.130615
0.141083
0.173113
0.214142
0.235884
0.146259
0.222541
0.222730
0.181795
0.174466
0.118639
0.139186
0.234008
0.162827
0.136523
0.142601
0.162005
0.167109
0.205252
0.172717
0.194098
0.139872
0.117811
0.121590
0.154598
0.176403
0.124319
0.143735
0.123796
0.189857
0.163971
0.161349
0.187187
0.136950
0.114944
0.140551
0.152924
0.130859
0.174997
0.131177
0.120512
0.128934
0.165891
0.134603
0.128554
0.135696
0.133886
0.177696
0.120295
0.149139
0.133014
0.137065
0.139105
0.153448
0.166439
0.126868
0.127434
0.150036
0.134187
0.131921
0.167781
0.133703
0.117985
0.136134
0.128522
0.143268
0.169174
0.155924
0.149334
0.129227
0.146052
0.137872
0.113211
0.153016
0.236511
0.193228
0.193402
0.160887
0.164252
0.215721
0.156441
0.169401
0.163032
0.180352
0.159546
0.127817
0.147591
0.126969
0.155632
0.131044
0.126760
0.161633
0.129957
0.137338
0.177453
0.124031
0.137167
0.159365
0.139058
0.161197
0.221405
0.133415
0.122245
0.119873
0.147832
0.138279
0.181932
0.123602
0.136203
0.110868
0.142843
0.130861
0.123839
0.151515
0.179015
0.173749
0.146554
0.128383
0.202074
0.129136
0.136984
0.187626
0.125705
0.125782
0.126687
0.122422
0.127799
0.127960
0.185751
0.107700
0.142043
0.127685
0.151045
0.154550
0.328578
0.280335
0.108034
0.125932
0.124110
0.109885
0.096977
0.117647
0.164842
0.138438
0.141145
0.129956
0.115795
0.145853
0.152242
0.134144
0.137626
0.141488
0.111850
0.120854
0.141712
0.113322
0.139031
0.117191
0.145860
0.122619
0.108418
0.137366
0.125775
0.133388
0.109402
0.130500
0.130553
0.118363
0.139852
0.133209
0.110165
0.168509
0.167311
0.208956
0.172103
0.158069
0.182117
0.115100
0.122232
0.113351
0.107024
0.122460
0.127431
0.116820
0.103412
0.131057
0.110320
0.129554
0.117278
0.130811
0.128195
0.117665
0.115600
0.118776
0.122003
0.125164
0.117710
0.133182
0.136254
0.137795
0.139235
0.143931
0.129780
0.112699
0.127877
0.116826
0.123116
0.126952
0.141341
0.138395
0.114013
0.177945
0.139805
0.134492
0.134133
0.121153
0.109620
0.121218
0.146360
0.144968
0.113261
0.118590
0.143756
0.135221
0.110511
0.129166
0.129252
0.130360
0.130318
0.113305
0.123489
0.133592
0.149228
0.139813
0.143549
0.134928
0.123154
0.144095
0.151269
0.160992
0.116610
0.124596
0.128690
0.117396
0.145480
0.158266
0.132016
0.185680
0.152988
0.145116
0.126844
0.159675
0.170065
0.189766
0.181560
0.179963
0.155430
0.190267
0.176961
0.185524
0.187349
0.158854
0.232843
0.192909
0.170435
0.475890
0.302955
0.237930
0.208501
0.198514
0.204347
0.265738
0.162553
0.148541
0.155600
0.143900
0.203033
0.147616
0.144030
0.204644
0.241561
0.168149
0.173714
0.157889
0.164474
0.186258
0.158939
0.221220
0.176653
0.240542
0.183852
0.184820
0.197299
0.216514
0.178104
0.146570
0.224380
0.156849
0.141053
0.227435
0.208487
0.299081
0.203790
0.198230
0.135823
0.225344
0.241761
0.241263
0.171512
0.146504
0.145452
0.273490
0.133882
0.189666
0.173616
0.207127
0.217273
0.182018
0.200316
0.207916
0.163807
0.211875
0.210682
0.220177
0.219598
0.227125
0.153658
0.137354
0.159144
0.188531
0.162747
0.146900
0.268716
0.200451
0.118768
0.132845
0.231580
0.225730
0.320571
0.221512
0.285411
0.178870
0.224564
0.288946
0.202466
0.229746
0.281458
0.192492
0.242302
0.266398
0.311164
0.239690
0.313552
0.222471
0.259993
0.138774
0.139019
0.145659
0.272497
0.284940
0.205110
0.237022
0.162116
0.172208
0.260428
0.156767
0.178562
0.245456
0.150755
0.225804
0.215166
0.154247
0.240057
0.199438
0.654852
0.269679
0.141142
0.204481
0.133054
0.176836
0.194692
0.217478
0.185464
0.140817
0.180726
0.186717
0.166392
0.222316
0.224858
0.134580
0.116968
0.144207
0.164688
0.252967
0.167089
0.165746
0.158878
0.130749
0.185529
0.500916
0.324662
0.179343
0.121334
0.210038
0.200237
0.140772
0.174954
0.134993
0.196547
0.162840
0.258982
0.210255
0.190999
0.161230
0.159415
0.152647
0.146086
0.220490
0.138743
0.166413
0.158703
0.207273
0.124136
0.196458
0.185047
0.119480
0.187669
0.125090
0.164971
0.127315
0.132053
0.185648
0.177787
0.248636
0.147830
0.207532
0.164455
0.210739
0.210273
0.213933
0.188731
0.183349
0.155503
0.158125
0.184316
0.158379
0.123623
0.176326
0.116029
0.158385
0.232402
0.173134
0.201343
0.174901
0.155044
0.225998
0.208310
0.131744
0.128526
0.195125
0.168419
0.216475
0.234022
0.160063
0.231612
0.177294
0.167765
0.133741
0.119970
0.151980
0.187493
0.183276
0.140137
0.151764
0.136602
0.216220
0.221958
0.194804
0.190201
0.257918
0.245389
0.174057
0.213879
0.237933
0.159022
0.164741
0.136234
0.157638
0.212709
0.191174
0.213898
0.252325
0.152028
0.127818
0.165251
0.210307
0.284106
0.174045
0.202554
0.207662
0.201151
0.143519
0.329469
0.147998
0.224052
0.292703
0.276541
0.214103
0.269934
0.229748
0.173570
0.229743
0.180791
0.284182
0.215498
0.253123
0.156910
0.124289
0.166728
0.176515
0.192332
0.153512
0.240084
0.179514
0.209115
0.193461
0.192102
0.160817
0.226895
0.225498
0.230757
0.178872
0.164498
0.204846
0.197305
0.190841
0.152217
0.138860
0.250051
0.252404
0.237369
0.200938
0.327161
0.276571
0.158181
0.180873
0.205516
0.185300
0.257277
0.179922
0.196171
0.218494
0.230303
0.170210
0.161233
0.186092
0.205994
0.181927
0.172385
0.192747
0.135547
0.209822
0.183866
0.143217
0.169062
0.193958
0.294600
0.175447
0.176162
0.148520
0.176065
0.125102
0.155892
0.179979
0.179187
0.170004
0.190595
0.212132
0.170397
0.183641
0.120099
0.148548
0.231143
0.157351
0.230776
0.152201
0.201185
0.162018
0.130865
0.140952
0.159512
0.180000
0.141202
0.177283
0.143536
0.137847
0.169134
0.156282
0.132601
0.128078
0.120620
0.223026
0.204667
0.182217
0.229211
0.154758
0.164192
0.196946
0.125013
0.202037
0.185554
0.159319
0.168708
0.199347
0.180423
0.115948
0.168757
0.125589
0.180556
0.150108
0.140185
0.141334
0.137116
0.164090
0.129866
0.122787
0.225871
0.134559
0.146453
0.188744
0.214076
0.134969
0.180177
0.136448
0.145982
0.155521
0.191745
0.155873
0.148862
0.191195
0.192544
0.138239
0.164349
0.141072
0.196928
0.145029
0.182082
0.134820
0.120889
0.172430
0.171894
0.191547
0.226251
0.180807
0.215528
0.134485
0.166974
0.213189
0.140584
0.160932
0.154606
0.163970
0.171834
0.161339
0.144158
0.225601
0.160690
0.190883
0.164803
0.230427
0.181817
0.165843
0.418131
0.446149
0.147426
0.220118
0.189650
0.220332
0.224513
0.138121
0.185222
0.116365
0.195074
0.258641
0.175536
0.122668
0.194606
0.152127
0.200142
0.209568
0.190739
0.240126
0.166211
0.242957
0.218558
0.200051
0.151625
0.245915
0.122306
0.189115
0.283722
0.136861
0.155284
0.263982
0.190505
0.162660
0.281382
0.212687
0.224744
0.164252
0.213333
0.153367
0.269638
0.274697
0.263549
0.162172
0.214991
0.184675
0.182559
0.198089
0.150878
0.139552
0.157714
0.216012
0.184018
0.151238
0.159899
0.147687
0.110463
0.121404
0.130146
0.170854
0.147577
0.162746
0.169276
0.117981
0.135623
0.122036
0.185010
0.250878
0.211852
0.257493
0.133216
0.205405
0.286842
0.172716
0.158460
0.146857
0.124087
0.121833
0.148066
0.164196
0.162598
0.154482
0.233785
0.160939
0.127063
0.130200
0.191356
0.113078
0.201440
0.223532
0.205298
0.165098
0.178432
0.176640
0.166242
0.138935
0.129511
0.214627
0.262632
0.128933
0.163037
0.146377
0.184059
0.247575
0.177370
0.192673
0.138527
0.162602
0.135534
0.182266
0.153183
0.203958
0.131389
0.163954
0.148937
0.108749
0.128764
0.160668
0.147071
0.154079
0.175788
0.199475
0.181047
0.130141
0.178298
0.118192
0.117131
0.634816
0.310189
0.145974
0.138231
0.132528
0.142518
0.157227
0.165642
0.173657
0.116179
0.163759
0.159977
0.185205
0.150636
0.173185
0.185782
0.197619
0.110186
0.138472
0.140784
0.186396
0.151945
0.192985
0.258292
0.210718
0.219000
0.266459
0.120057
0.179365
0.145555
0.136656
0.167638
1.248271
0.165546
0.193653
0.202813
0.157945
0.159301
0.254140
0.197509
0.181328
0.247341
0.191423
0.113581
0.215701
0.174455
0.166131
0.122932
0.126173
0.157768
0.194466
0.232844
0.127595
0.127666
0.214489
0.158736
0.215539
0.252790
0.135764
0.141477
0.199010
0.182665
0.217160
0.191086
0.145456
0.166395
0.143355
0.135323
0.128965
0.182355
0.218024
0.156533
0.200772
0.119849
0.247881
0.143132
0.224575
0.144339
0.254038
0.173929
0.212399
0.174744
0.191789
0.222548
0.120505
0.111581
0.121364
0.182293
0.151937
0.219169
0.182934
0.138488
0.248687
0.265587
0.162457
0.148203
0.130134
0.165137
0.172438
0.153346
0.214657
0.186377
0.168955
0.222043
0.183709
0.176099
0.170210
0.152757
0.148612
0.209765
0.162043
0.171409
0.173121
0.164006
0.169251
0.137547
0.173507
0.132917
0.181499
0.152764
0.127131
0.170244
0.155193
0.166383
0.197840
0.174412
0.123438
0.361594
0.427978
0.166645
0.126805
0.226951
0.128987
0.171797
0.128465
0.199528
0.137929
0.197665
0.160960
0.223758
0.165227
0.142360
0.141721
0.174723
0.185804
0.226343
0.105507
0.175375
0.169428
0.210006
0.140921
0.215864
0.233645
0.157850
0.170217
0.203614
0.179166
0.126922
0.117270
0.189491
0.141741
0.202607
0.155302
0.188962
0.175653
0.125584
0.175008
0.191102
0.114632
0.125812
0.133033
0.138138
0.205673
0.154955
0.223480
0.234887
0.127641
0.126652
0.169950
0.162790
0.173508
0.122072
0.156014
0.131918
0.230626
0.222029
0.173623
0.170733
0.189115
0.214763
0.230947
0.219246
0.182936
0.214216
0.178312
0.160377
0.159075
0.171521
0.137666
0.133855
0.150157
0.195735
0.173850
0.142047
0.201192
0.176905
0.191712
0.165330
0.138867
0.139058
0.161759
0.120890
0.121138
0.113901
0.129165
0.142499
0.132596
0.153751
0.127385
0.153404
0.182781
0.124844
0.176075
0.163039
0.134886
0.130907
0.119113
0.116706
0.131135
0.130605
0.110417
0.178925
0.177539
0.123515
0.127913
0.134263
0.153706
0.138648
0.141721
0.171670
0.110093
0.141131
0.116636
0.217370
0.132167
0.185865
0.126486
0.120022
0.155785
0.147688
0.148588
0.133444
0.176803
0.118636
0.151792
0.126826
0.124027
0.162750
0.141930
0.130308
0.141241
0.136784
0.113262
0.118949
0.686649
0.158851
0.119009
0.181720
0.100347
0.162946
0.174088
0.184335
0.142900
0.208786
0.190600
0.344895
0.215940
0.179532
0.152625
0.178445
0.249307
0.162457
0.182530
0.144569
0.138189
0.176467
0.149646
0.144896
0.198766
0.219254
0.118315
0.222175
0.137964
0.112430
0.130754
0.163461
0.174881
0.132147
0.166049
0.167726
0.197186
0.121455
0.195615
0.112476
0.166181
0.175987
0.221707
0.275001
0.118877
0.200483
0.161955
0.154292
0.137084
0.157490
0.115705
0.126761
0.147876
0.117672
0.120423
0.146731
0.120477
0.107117
0.153278
0.144737
0.171580
0.139103
0.125327
0.148806
0.199788
0.143520
0.174841
0.143202
0.132745
0.136032
0.147213
0.135827
0.138740
0.142551
0.163238
0.126646
0.114635
0.132094
0.143166
0.127189
0.104102
0.157732
0.119897
0.153762
0.137492
0.126815
0.119448
0.123031
0.127527
0.155596
0.146232
0.143501
0.137446
0.135834
0.117710
0.109973
0.137326
0.153317
0.132662
0.155774
0.186678
0.160142
0.142135
0.139474
0.150829
0.148380
0.128709
0.153734
0.125862
0.124851
0.133956
0.129806
0.146987
0.154587
0.118901
0.176028
0.181567
0.200898
0.210136
0.224916
0.161006
0.141016
0.161845
0.157867
0.136783
0.125235
0.119163
0.160810
0.208330
0.170815
0.144285
0.175178
0.139364
0.129704
0.120990
0.163867
0.164394
0.172563
0.424185
0.303054
0.156620
0.146432
0.159725
0.174903
0.145300
0.170174
0.170068
0.146084
0.188710
0.142496
0.194889
0.179494
0.170309
0.113104
0.182338
0.128253
0.126868
0.137149
0.127465
0.155052
0.137495
0.130942
0.189677
0.134715
0.226666
0.141088
0.149330
0.123041
0.131886
0.142897
0.162905
0.181302
0.139943
0.129901
0.151757
0.194750
0.214249
0.137174
0.122045
0.132420
0.163660
0.113198
0.169080
0.143866
0.129129
0.120310
0.138696
0.163028
0.123212
0.118671
0.153988
0.204364
0.215752
0.143498
0.158239
0.113017
0.146744
0.139896
0.164348
0.117072
0.222691
0.182265
0.181410
0.162980
0.143513
0.167892
0.123435
0.145240
0.139400
0.162526
0.141228
0.198990
0.139632
0.143474
0.180516
0.191672
0.136317
0.134816
0.161288
0.126263
0.209273
0.130728
0.227815
0.153597
0.155642
0.244360
0.195865
0.187811
0.178664
0.145113
0.210799
0.206491
0.274353
0.167922
0.139444
0.243775
0.201633
0.450847
0.287376
0.186736
0.191977
0.140216
0.201385
0.206077
0.118898
0.152274
0.119864
0.127244
0.204386
0.179750
0.174184
0.147060
0.185737
0.169531
0.143723
0.178881
0.149016
0.151184
0.162811
0.135296
0.110532
0.126776
0.161323
0.113779
0.138694
0.171947
0.113197
0.146278
0.133642
0.131056
0.147965
0.139864
0.167720
0.129177
0.170920
0.130236
0.142074
0.141796
0.269909
0.192087
0.151078
0.124949
0.145172
0.124546
0.144738
0.115951
0.138210
0.119145
0.140040
0.148557
0.122114
0.130702
0.127542
0.172436
0.126197
0.128653
0.165601
0.137723
0.128439
0.186058
0.173921
0.149670
0.118925
0.124682
0.129325
0.170501
0.133715
0.150885
0.137649
0.128359
0.151067
0.124621
0.163335
0.150754
0.161752
0.135193
0.138977
0.113874
0.184951
0.148791
0.165252
0.105966
0.133576
0.128613
0.176413
0.130000
0.146133
0.117693
0.135063
0.142307
0.138209
0.159134
0.114693
0.135214
0.132046
0.147169
0.135913
0.177789
0.137618
0.175425
0.151362
0.155310
0.118967
0.129344
0.189146
0.152985
0.137498
0.140730
0.139366
0.112654
0.167613
0.150023
0.122888
0.133786
0.128233
0.134117
0.135660
0.137589
0.125512
0.159621
0.143239
0.120237
0.184381
0.113271
0.145987
0.224542
0.167910
0.137552
0.143804
0.126634
0.155436
0.171951
0.160063
0.132764
0.121036
0.145586
0.135578
0.133438
0.127300
0.130755
0.174886
0.137997
0.133916
0.134206
0.131737
0.118417
0.129645
0.127772
0.146143
0.154179
0.147020
0.153012
0.175483
0.129153
0.129696
0.126314
0.138557
0.142521
0.126131
0.131932
0.140951
0.136266
0.135394
0.173929
0.128318
0.172376
0.142799
0.187029
0.153891
0.223354
0.125252
0.100420
0.129774
0.116303
0.170445
0.155362
0.131227
0.401121
0.134897
0.155949
0.162580
0.140684
0.146994
0.212831
0.156613
0.152101
0.205665
0.171718
0.174501
0.240588
0.157488
0.136221
0.193720
0.157968
0.166815
0.192865
0.153863
0.171890
0.133894
0.223114
0.123633
0.128549
0.169366
0.123548
0.176771
0.121048
0.100051
0.169428
0.122072
0.118174
0.152119
0.151714
0.131457
0.112346
0.143272
0.111013
0.194327
0.132538
0.118932
0.135668
0.126168
0.127534
0.158665
0.124690
0.135129
0.324636
0.227629
0.150245
0.227601
0.172589
0.130780
0.130527
0.128845
0.217354
0.138885
0.179089
0.125751
0.128298
0.135877
0.151226
0.164644
0.168983
0.149650
0.141069
0.112193
0.181250
0.137582
0.164834
0.141293
0.131905
0.122522
0.128964
0.139747
0.142458
0.130435
0.147016
0.146003
0.148781
0.134029
0.133863
0.098984
0.139830
0.118553
0.132907
0.123989
0.180135
0.132752
0.120076
0.130646
0.141837
0.151737
0.163634
0.147349
0.135234
0.170940
0.143707
0.157149
0.175948
0.127716
0.130143
0.185202
0.129407
0.154227
0.148887
0.114716
0.164729
0.229819
0.138323
0.139023
0.153571
0.168236
0.150137
0.167154
0.129866
0.121626
0.226013
0.193287
0.183684
0.166785
0.101547
0.220470
0.127319
0.165571
0.125683
0.191306
0.194174
0.169820
0.202989
0.155321
0.371949
0.344033
0.164042
0.142781
0.219339
0.146843
0.199662
0.167086
0.221628
0.125074
0.217054
0.132326
0.154369
0.172498
0.212238
0.129459
0.139625
0.159147
0.111507
0.127209
0.181499
0.159029
0.138684
0.155977
0.153551
0.178657
0.157684
0.227041
0.149341
0.143974
0.146780
0.141737
0.130469
0.140884
0.185012
0.135330
0.142182
0.157372
0.195605
0.204320
0.159482
0.163600
0.185367
0.238156
0.169703
0.184905
0.140398
0.143566
0.136965
0.177859
0.148265
0.179845
0.135722
0.152180
0.142163
0.132990
0.155389
0.194622
0.204336
0.164988
0.132642
0.202724
0.208388
0.173392
0.147146
0.184395
0.177879
0.131005
0.140225
0.193559
0.135486
0.195081
0.132594
0.154021
0.140921
0.212999
0.160336
0.142824
0.177892
0.146212
0.156545
0.179726
0.247222
0.139211
0.125347
0.148546
0.250873
0.228869
0.149613
0.158072
0.137423
0.151461
0.176291
0.156637
0.118781
0.194066
0.155463
0.175261
0.132404
0.122530
0.157552
0.217613
0.200634
0.139754
0.137933
0.158674
0.131578
0.166845
0.145476
0.184274
0.172896
0.189099
0.190640
0.197640
0.170676
0.159600
0.191275
0.198415
0.164894
0.169329
0.150858
0.137029
0.179917
0.171217
0.208915
0.224342
0.195739
0.140981
0.268035
0.237307
0.160377
0.186637
0.214261
0.227573
0.412913
0.201744
0.155379
0.201549
0.161696
0.170155
0.248530
0.196722
0.240562
0.606386
0.273933
0.268416
0.187906
0.164887
0.201561
0.310046
0.226768
0.139699
0.133515
0.214849
0.229822
0.156626
0.232389
0.195558
0.146630
0.145979
0.234500
0.236190
0.181047
0.209370
0.144540
0.300387
0.140493
0.198996
0.184976
0.165103
0.196404
0.128109
0.204568
0.229101
0.191746
0.132334
0.133105
0.146269
0.165432
0.150876
0.143082
0.160387
0.141320
0.200654
0.142333
0.205680
0.148680
0.160220
0.187449
0.190599
0.133744
0.134071
0.215294
0.232653
0.170603
0.176055
0.252223
0.265506
0.352282
0.212208
0.225893
0.124151
0.163093
0.129547
0.206431
0.175678
0.237747
0.222735
0.154141
0.226628
0.143433
0.190963
0.181559
0.228268
0.187651
0.138175
0.148505
0.140662
0.209034
0.169672
0.130916
0.133719
0.114616
0.153008
0.140921
0.183257
0.208572
0.211452
0.228245
0.171449
0.180209
0.221829
0.142322
0.254196
0.203536
0.156725
0.220603
0.240555
0.179648
0.124289
0.106321
0.127619
0.110162
0.189274
0.149807
0.116777
0.125993
0.150019
0.155557
0.124805
0.129419
0.153717
0.147514
0.125813
0.217438
0.118860
0.113491
0.158752
0.133775
0.137102
0.109443
0.106069
0.155534
0.134676
0.135768
0.177443
0.143967
0.157846
0.129931
0.143083
0.158332
0.212070
0.128612
0.102886
0.291371
0.235085
0.196685
0.119828
0.143669
0.175751
0.255162
0.211688
0.141262
0.159734
0.154040
0.203060
0.213199
0.169687
0.115378
0.220624
0.198807
0.162198
0.202222
0.198133
0.155266
0.166691
0.195916
0.178331
0.195230
0.171921
0.199739
0.132832
0.164873
0.204876
0.113499
0.132998
0.200183
0.164209
0.158970
0.142600
0.131817
0.149770
0.151983
0.162238
0.137592
0.157567
0.113111
0.166406
0.154831
0.103179
0.114043
0.099056
0.117078
0.133482
0.156844
0.173467
0.130284
0.126866
0.111489
0.136122
0.127230
0.128696
0.153625
0.152802
0.171799
0.135294
0.180606
0.118170
0.128645
0.157651
0.145571
0.104930
0.126566
0.113594
0.119609
0.173363
0.123108
0.144870
0.155492
0.153687
0.144029
0.154592
0.147277
0.164035
0.129782
0.110655
0.110466
0.123082
0.130949
0.129322
0.138124
0.151266
0.125629
0.131485
0.132362
0.130598
0.140286
0.424473
0.440746
0.105580
0.146218
0.117508
0.148428
0.152047
0.152142
0.169914
0.184550
0.119766
0.119396
0.178471
0.109231
0.148320
0.121715
0.150051
0.150061
0.136010
0.113116
0.121902
0.146290
0.174169
0.130347
0.129180
0.178461
0.181508
0.152860
0.118677
0.153904
0.133572
0.233792
0.175982
0.131166
0.143113
0.160730
0.149498
0.135126
0.129955
0.135771
0.406236
0.150492
0.134564
0.182728
0.121765
0.108838
0.145336
0.150721
0.150206
0.159345
0.123215
0.148159
0.235591
0.178816
0.157572
0.169889
0.124730
0.118569
0.141507
0.192104
0.137768
0.167201
0.138330
0.156586
0.210661
0.182670
0.122212
0.128044
0.132337
0.146959
0.179372
0.116093
0.115844
0.156510
0.181000
0.136811
0.133199
0.203250
0.163594
0.209508
0.121521
0.178295
0.106357
0.167705
0.158736
0.152434
0.159764
0.154235
0.132221
0.146289
0.177634
0.126298
0.144464
0.179861
0.248933
0.182519
0.155981
0.120321
0.146953
0.111335
0.163160
0.132771
0.155342
0.139835
0.129211
0.110150
0.116535
0.116623
0.126994
0.118328
0.132349
0.123369
0.124916
0.126015
0.114808
0.205500
0.129046
0.130982
0.126321
0.175403
0.155761
0.149469
0.183838
0.155072
0.138412
0.139795
0.141650
0.140463
0.117905
0.159975
0.112734
0.134692
0.152473
0.133396
0.123379
0.182459
0.178224
0.128199
0.128736
0.131135
0.137642
0.151286
0.129938
0.251060
0.182132
0.124280
0.134026
0.193021
0.145527
0.166657
0.113735
0.138472
0.225815
0.185801
0.132309
0.147037
0.176074
0.154103
0.116137
0.126937
0.172790
0.130615
0.132527
0.123863
0.175907
0.151529
0.115384
0.171102
0.184084
0.107819
0.200916
0.129944
0.171997
0.115057
0.123970
0.112751
0.117138
0.103861
0.117246
0.118703
0.126320
0.114329
0.131168
0.123780
0.332826
0.126428
0.149102
0.118610
0.103831
0.130326
0.124118
0.150267
0.144486
0.172261
0.148911
0.131718
0.128869
0.121986
0.129961
0.134324
0.127712
0.120846
0.135267
0.126795
0.124371
0.134643
0.110267
0.125900
0.110018
0.118813
0.112540
0.130657
0.131182
0.124014
0.138659
0.138110
0.121336
0.131098
0.149659
0.134545
0.163258
0.114894
0.140689
0.112570
0.133275
0.135900
0.141401
0.133608
0.127909
0.130342
0.136849
0.203374
0.172267
0.437049
0.193250
0.240065
0.133484
0.155788
0.171567
0.128301
0.141700
0.225191
0.172039
0.184102
0.179540
0.129317
0.158367
0.137938
0.153955
0.168610
0.152149
0.211052
0.139231
0.136566
0.145137
0.120223
0.129078
0.148048
0.124324
0.144104
0.102384
0.132797
0.116813
0.137075
0.181213
0.209158
0.128536
0.115612
0.209003
0.134704
0.148088
0.159997
0.126668
0.159552
0.243560
0.175325
0.162006
0.120493
0.099780
0.148651
0.138211
0.122637
0.129569
0.129084
0.128233
0.124576
0.116433
0.130889
0.109757
0.136267
0.121542
0.130294
0.105049
0.130680
0.125926
0.127340
0.127706
0.117262
0.194890
0.129163
0.130684
0.142405
0.138826
0.142758
0.167443
0.154303
0.179791
0.135024
0.133168
0.165263
0.135600
0.118634
0.126145
0.122282
0.128955
0.113057
0.128998
0.124817
0.126852
0.141423
0.129607
0.123737
0.121588
0.135736
0.144898
0.123656
0.124878
0.113904
0.119948
0.249181
0.296785
0.155939
0.148450
0.134089
0.124474
0.147453
0.145240
0.151800
0.199322
0.131105
0.217322
0.143042
0.134790
0.137913
0.170610
0.155452
0.147664
0.150733
0.121433
0.195568
0.219945
0.119336
0.269086
0.179597
0.107470
0.137263
0.126691
0.137789
0.140940
0.114453
0.113186
0.108854
0.136792
0.123881
0.127736
0.115163
0.110348
0.108562
0.128437
0.123920
0.144129
0.187648
0.176509
0.188349
0.139898
0.121946
0.133229
0.145295
0.120511
0.127376
0.113071
0.123036
0.139362
0.132705
0.138691
0.123021
0.115264
0.133020
0.109557
0.109280
0.118083
0.122092
0.121385
0.139889
0.106305
0.131323
0.119546
0.116997
0.103704
0.118878
0.123000
0.118108
0.111920
0.122132
0.127236
0.119665
0.125851
0.116092
0.126333
0.130503
0.131117
0.122825
0.188371
0.143668
0.140426
0.139492
0.157302
0.143448
0.121574
0.142764
0.234042
0.113082
0.220558
0.124794
0.223412
0.200120
0.132971
0.151171
0.198819
0.133270
0.133806
0.134126
0.129573
0.137585
0.121779
0.140811
0.137319
0.113179
0.126244
0.125039
0.134690
0.129799
0.135962
0.123664
0.118506
0.129663
0.122051
0.145724
0.329645
0.218271
0.298861
0.121430
0.128636
0.204836
0.116986
0.159829
0.195126
0.191458
0.125140
0.160951
0.163237
0.494029
0.388080
0.183467
0.140411
0.188585
0.205967
0.109341
0.190582
0.124611
0.134742
0.133435
0.125741
0.129260
0.119957
0.136221
0.175254
0.197445
0.179468
0.146529
0.130481
0.139651
0.107889
0.131029
0.102222
0.105393
0.130634
0.134648
0.120049
0.116843
0.134265
0.135625
0.132146
0.125332
0.135326
0.130481
0.123930
0.118491
0.111833
0.107844
0.121236
0.116573
0.100618
0.134807
0.109120
0.114635
0.124398
0.117035
0.134847
0.137207
0.118469
0.146065
0.140161
0.118548
0.120656
0.136903
0.141741
0.154324
0.169481
0.142550
0.145134
0.127878
0.125481
0.126528
0.129969
0.131229
0.116361
0.133380
0.130954
0.133219
0.124972
0.198009
0.180197
0.154657
0.169578
0.158175
0.174073
0.118161
0.183157
0.133514
0.201312
0.169689
0.137122
0.114669
0.128700
0.112256
0.147507
0.108256
0.110545
0.122916
0.129480
0.136087
0.146521
0.166425
0.181602
0.164494
0.135764
0.151986
0.153656
0.170032
0.121247
0.116807
0.125378
0.138303
0.168066
0.163627
0.130984
0.146158
0.173311
0.119076
0.108880
0.116487
0.117591
0.174761
0.137592
0.129722
0.136506
0.161122
0.148121
0.169217
0.131026
0.177158
0.142766
0.186884
0.126740
0.119539
0.118465
0.116497
0.149658
0.152564
0.128476
0.161169
0.135729
0.208564
0.669178
0.361233
0.174709
0.219573
0.129285
0.176665
0.140485
0.154325
0.111061
0.179423
0.108806
0.200699
0.122758
0.121948
0.123519
0.142483
0.103916
0.114783
0.163341
0.138916
0.212116
0.177108
0.143318
0.217483
0.113819
0.182562
0.121856
0.148072
0.126306
0.182895
0.210053
0.147760
0.120411
0.188427
0.207896
0.166220
0.121730
0.128688
0.169401
0.123991
0.130296
0.119293
0.114001
0.122734
0.125638
0.131178
0.125877
0.119138
0.163903
0.189851
0.150606
0.115147
0.165759
0.123130
0.098261
0.137517
0.121231
0.142162
0.166331
0.153064
0.130685
0.168255
0.152487
0.165249
0.156996
0.157866
0.122550
0.161333
0.149331
0.196615
0.175171
0.176825
0.117805
0.162904
0.153654
0.164452
0.182268
0.171632
0.223089
0.142583
0.146544
0.150911
0.178615
0.309818
0.387054
0.166650
0.169207
0.179208
0.136731
0.133143
0.231645
0.144501
0.175016
0.170313
0.196549
0.205929
0.159458
0.129783
0.173265
0.173198
0.143600
0.126091
0.127768
0.155031
0.132588
0.137852
0.150190
0.147365
0.179971
0.166131
0.187716
0.182298
0.117557
0.185968
0.176901
0.129812
0.124171
0.167488
0.118963
0.104842
0.177136
0.175982
0.131229
0.190108
0.169654
0.158907
0.156605
0.186547
0.135470
0.171694
0.192779
0.226984
0.324063
0.144341
0.143824
0.216197
0.188945
0.138027
0.170428
0.196640
0.172125
0.154181
0.126956
0.124374
0.146576
0.117951
0.161537
0.123683
0.139565
0.127645
0.137851
0.151688
0.191778
0.126044
0.160998
0.141527
0.150936
0.166671
0.195081
0.152335
0.176462
0.140367
0.127370
0.132777
0.136183
0.129301
0.133578
0.149942
0.134476
0.122706
0.112898
0.130969
0.136631
0.137488
0.152058
0.176936
0.147954
0.171778
0.188583
0.132129
0.160914
0.136106
0.131509
0.138154
0.162473
0.128061
0.145227
0.126005
0.135985
0.139666
0.235318
0.146263
0.154800
0.171491
0.161906
0.141253
0.169420
0.126505
0.131846
0.139732
0.175239
0.190403
0.209385
0.259239
0.147296
0.227751
0.184359
0.177529
0.211360
0.158975
0.117904
0.134370
0.124654
0.206748
0.137076
0.134892
0.143151
0.199588
0.207182
0.257924
0.204883
0.225086
0.191858
0.129405
0.150706
0.132523
0.167831
0.150974
0.222759
0.220311
0.142208
0.191016
0.215308
0.275777
0.141360
0.173023
0.192462
0.188102
0.169360
0.135355
0.189909
0.174538
0.145540
0.208470
0.178892
0.186324
0.212059
0.191046
0.143031
0.163473
0.130061
0.162570
0.159910
0.167024
0.176249
0.137990
0.148058
0.162282
0.130819
0.164295
0.182369
0.148945
0.172477
0.126037
0.136970
0.206115
0.156390
0.502295
0.371555
0.185040
0.212348
0.152799
0.136050
0.147676
0.210009
0.166945
0.200994
0.147436
0.132520
0.180988
0.154281
0.130557
0.118358
0.172101
0.148760
0.185071
0.148265
0.117004
0.127960
0.197614
0.185656
0.174716
0.202800
0.162246
0.165925
0.116713
0.116008
0.107831
0.118895
0.125563
0.125641
0.102233
0.114944
0.127135
0.107830
0.124936
0.113144
0.131886
0.119463
0.124234
0.118237
0.135601
0.133205
0.128247
0.134532
0.112818
0.119705
0.118403
0.148186
0.114251
0.129642
0.367787
0.123146
0.138058
0.125808
0.127166
0.130761
0.146251
0.117087
0.122375
0.126739
0.124744
0.128089
0.118323
0.140377
0.114507
0.147432
0.134514
0.154141
0.156141
0.143711
0.142333
0.129658
0.137668
0.131161
0.156169
0.138823
0.124889
0.118699
0.126732
0.145669
0.104901
0.136391
0.120189
0.158784
0.143467
0.147673
0.145921
0.134806
0.136636
0.112508
0.126762
0.132477
0.112829
0.128089
0.127027
0.145144
0.116683
0.115240
0.114977
0.125172
0.128941
0.126345
0.123275
0.106212
0.116303
0.105511
0.126692
0.110737
0.119606
0.117457
0.128697
0.121587
0.100571
0.113991
0.134249
0.128178
0.109443
0.113587
0.104520
0.128070
0.097325
0.113611
0.120267
0.105944
0.116581
0.127185
0.131826
0.114129
0.117033
0.116791
0.314676
0.238222
0.116934
0.132848
0.129206
0.122191
0.128353
0.117578
0.129773
0.112155
0.110406
0.098605
0.121249
0.128256
0.123081
0.117917
0.116506
0.127030
0.106827
0.121804
0.113196
0.115854
0.119144
0.125685
0.122093
0.132377
0.128353
0.122863
0.112904
0.117596
0.125600
0.109508
0.099732
0.107431
0.126470
0.142920
0.114426
0.088027
0.116507
0.127657
0.123014
0.110518
0.124002
0.120388
0.104577
0.107774
0.131651
0.111427
0.109777
0.092190
0.119554
0.115948
0.114220
0.122726
0.151053
0.114217
0.112566
0.128041
0.121974
0.105902
0.126269
0.119464
0.114193
0.125836
0.125302
0.141662
0.143530
0.127028
0.135217
0.157699
0.125002
0.107218
0.111322
0.123624
0.129282
0.134986
0.120978
0.126244
0.117372
0.117812
0.111459
0.137175
0.122442
0.110047
0.122638
0.116309
0.130582
0.122206
0.115335
0.115234
0.142880
0.116083
0.110006
0.109648
0.114265
0.122028
0.120640
0.141582
0.125136
0.117754
0.112037
0.110213
0.108784
0.122438
0.133094
0.114555
0.111543
0.113897
0.128366
0.117657
0.122035
0.111624
0.115853
0.126903
0.122732
0.114049
0.108104
0.129431
0.119714
0.127021
0.120845
0.109388
0.115933
0.110937
0.113789
0.128533
0.115579
0.118282
0.112896
0.125384
0.110263
0.136902
0.117528
0.531064
0.179586
0.154655
0.100361
0.113945
0.131131
0.105888
0.115100
0.119209
0.115144
0.129444
0.122534
0.109855
0.110521
0.096207
0.114307
0.119969
0.114655
0.126199
0.093889
0.111217
0.109292
0.367275
0.144039
0.130086
0.131354
0.124792
0.128118
0.122746
0.119335
0.129086
0.120187
0.111426
0.117856
0.130735
0.128503
0.125677
0.124114
0.114247
0.117341
0.091149
0.127792
0.114824
0.107071
0.127473
0.120398
0.110173
0.112623
0.127011
0.106972
0.113479
0.138998
0.135661
0.126952
0.151025
0.119671
0.162575
0.216253
0.175445
0.162787
0.201608
0.137196
0.111962
0.127525
0.125656
0.122978
0.111617
0.139728
0.124191
0.116577
0.110081
0.113078
0.113610
0.125439
0.121024
0.137063
0.128817
0.125234
0.112603
0.133209
0.132296
0.146163
0.178428
0.127963
0.120770
0.119686
0.137734
0.122658
0.119065
0.107612
0.122777
0.122951
0.120089
0.119383
0.118346
0.115551
0.124606
0.122286
0.126205
0.119832
0.142882
0.122062
0.114793
0.127710
0.100280
0.124280
0.120984
0.113061
0.136196
0.140395
0.115842
0.132122
0.128546
0.103516
0.140605
0.126438
0.120635
0.128439
0.106597
0.132122
0.140685
0.124255
0.111157
0.137580
0.120028
0.126787
0.113449
0.109292
0.124397
0.094063
0.114287
0.134979
0.373577
0.356356
0.140810
0.124962
0.125471
0.110120
0.128928
0.125827
0.135710
0.132287
0.125509
0.106200
0.117663
0.113720
0.119443
0.115839
0.112128
0.112119
0.129413
0.110903
0.122767
0.119569
0.128560
0.132356
0.119272
0.119791
0.137033
0.114185
0.122442
0.138687
0.111718
0.116165
0.132379
0.130806
0.131271
0.134871
0.124361
0.110119
0.126113
0.161671
0.161469
0.103176
0.152588
0.197529
0.123714
0.195150
0.110104
0.108482
0.117550
0.129099
0.122049
0.102916
0.124175
0.132506
0.129222
0.116733
0.110060
0.117918
0.135502
0.131109
0.134149
0.132101
0.113805
0.132387
0.099115
0.120783
0.121078
0.124030
0.118197
0.120553
0.119242
0.131519
0.119073
0.113165
0.119506
0.107715
0.128848
0.109275
0.125106
0.160119
0.122868
0.114157
0.121486
0.129580
0.114657
0.132877
0.120379
0.127215
0.130008
0.115150
0.130813
0.139265
0.137045
0.126262
0.144388
0.139686
0.163077
0.141914
0.123446
0.144280
0.115493
0.140423
0.142329
0.133514
0.149847
0.121206
0.136871
0.140577
0.115450
0.126037
0.291815
0.136448
0.140923
0.135566
0.128724
0.155083
0.134541
0.135951
0.128033
0.140450
0.121158
0.138213
0.116911
0.130691
0.133539
0.126976
0.139948
0.144650
0.140431
0.131952
0.147063
0.117201
0.319619
0.445320
0.135971
0.140781
0.109010
0.120174
0.116480
0.120447
0.108701
0.117361
0.133049
0.120459
0.112510
0.134397
0.115382
0.125901
0.124406
0.133365
0.134610
0.112103
0.141282
0.147828
0.132138
0.149680
0.145312
0.157375
0.100289
0.131335
0.116131
0.118435
0.115517
0.137137
0.120874
0.132244
0.130155
0.114912
0.133735
0.125652
0.111105
0.088322
0.111215
0.133251
0.130837
0.132605
0.121520
0.119958
0.117333
0.126449
0.138383
0.120070
0.121698
0.129121
0.124686
0.127423
0.112469
0.131575
0.125459
0.103898
0.145189
0.121157
0.120845
0.135446
0.136737
0.128941
0.128571
0.119397
0.134492
0.120781
0.133367
0.136576
0.146818
0.128046
0.112445
0.104680
0.131120
0.153842
0.114721
0.136965
0.129935
0.127120
0.143803
0.129633
0.116016
0.149383
0.121212
0.127349
0.140451
0.137461
0.119660
0.132585
0.127467
0.159611
0.145652
0.134562
0.138279
0.112637
0.142951
0.138960
0.125568
0.110635
0.140056
0.110566
0.136865
0.127122
0.124229
0.136206
0.142478
0.099208
0.122422
0.150069
0.110565
0.119369
0.123642
0.119923
0.127269
0.132043
0.132579
0.107025
0.113850
0.127400
0.137087
0.121792
0.138096
0.128456
0.109259
0.124078
0.117402
0.123876
0.160406
0.218178
0.168340
0.117072
0.143871
0.202202
0.131667
0.114616
0.145536
0.146114
0.473649
0.174392
0.152092
0.147714
0.189621
0.163936
0.136247
0.154286
0.143052
0.123850
0.140858
0.151569
0.259482
0.203143
0.161879
0.293290
0.170815
0.177088
0.179713
0.166894
0.184215
0.166838
0.140332
0.134284
0.119174
0.160649
0.118962
0.129349
0.109794
0.127522
0.183264
0.176990
0.167643
0.107615
0.112066
0.128189
0.119544
0.162612
0.176599
0.162856
0.143785
0.118781
0.115216
0.104456
0.112873
0.113675
0.156046
0.158057
0.169492
0.141505
0.137529
0.106563
0.176421
0.130486
0.112264
0.125461
0.124830
0.129312
0.111711
0.111443
0.110160
0.120024
0.128805
0.116495
0.120581
0.114237
0.101499
0.108893
0.121773
0.140986
0.130926
0.109351
0.112055
0.110630
0.113718
0.133214
0.129829
0.111532
0.114224
0.114183
0.116561
0.142347
0.123980
0.121145
0.113277
0.128680
0.115935
0.109465
0.130656
0.110410
0.110818
0.108623
0.134825
0.120587
0.122078
0.110093
0.113605
0.108534
0.119105
0.115336
0.103430
0.120961
0.115948
0.106849
0.122471
0.114851
0.112873
0.113329
0.151850
0.123355
0.119632
0.164240
0.123088
0.136594
0.133060
0.119155
0.431050
0.131951
0.113026
0.102184
0.114601
0.115733
0.112216
0.122073
0.110303
0.134890
0.135381
0.124450
0.121854
0.135027
0.140290
0.130061
0.115191
0.131591
0.122259
0.115723
0.127003
0.116455
0.110890
0.123196
0.121105
0.113697
0.113560
0.114341
0.127851
0.117467
0.113602
0.111593
0.116960
0.109133
0.109670
0.102274
0.111237
0.104257
0.115450
0.146256
0.180776
0.109377
0.107027
0.124881
0.117891
0.136882
0.116388
0.114312
0.103684
0.111989
0.117595
0.112745
0.117998
0.120625
0.123011
0.124758
0.139563
0.129528
0.117227
0.132542
0.197689
0.183694
0.117495
0.123289
0.112033
0.127151
0.119151
0.115142
0.121979
0.112441
0.117950
0.108947
0.100883
0.121945
0.126393
0.127678
0.120881
0.127483
0.123442
0.140270
0.118853
0.118631
0.132292
0.120788
0.120355
0.112389
0.114005
0.110221
0.118736
0.122782
0.116014
0.106146
0.134417
0.108721
0.113525
0.111316
0.114243
0.115184
0.110470
0.106329
0.112619
0.110855
0.103551
0.109901
0.113597
0.116098
0.115858
0.118465
0.102774
0.112393
0.135823
0.120138
0.110506
0.129426
0.130580
0.131741
0.110583
0.117853
0.115123
0.110072
0.136020
0.108966
0.116986
0.109128
0.117956
0.116880
0.120514
0.104154
0.133525
0.124615
0.123854
0.114939
0.109590
0.112710
0.118387
0.109266
0.127233
0.110249
0.138670
0.128480
0.107371
0.137184
0.117191
0.150823
0.111138
0.148564
0.117638
0.123762
0.137795
0.119915
0.111376
0.128165
0.110268
0.110897
0.119166
0.116871
0.123363
0.118887
0.112696
0.118976
0.111935
0.114485
0.121005
0.120043
0.108186
0.121379
0.103029
0.110560
0.114045
0.117777
0.443533
0.137975
0.137900
0.115916
0.117477
0.125132
0.118990
0.118302
0.111387
0.111611
0.116313
0.123815
0.115881
0.113154
0.123998
0.130659
0.110555
0.123845
0.114512
0.114060
0.122199
0.119572
0.116495
0.137144
0.122419
0.118561
0.120230
0.113881
0.107499
0.104263
0.112787
0.111684
0.113417
0.112787
0.110075
0.126842
0.130385
0.114143
0.131560
0.122346
0.118904
0.105846
0.109447
0.116449
0.111344
0.117628
0.112068
0.130347
0.132417
0.105369
0.108925
0.111535
0.113248
0.120147
0.118157
0.112698
0.115459
0.111989
0.108911
0.115065
0.111050
0.120475
0.111618
0.117602
0.124913
0.110187
0.113937
0.111252
0.115904
0.117903
0.124110
0.126060
0.123167
0.141708
0.122496
0.136206
0.116586
0.126128
0.119514
0.136911
0.122865
0.115651
0.139793
0.122519
0.139086
0.123951
0.130151
0.123651
0.126548
0.124385
0.125488
0.120396
0.121876
0.126316
0.122741
0.139290
0.114035
0.121402
0.118095
0.130337
0.118981
0.117563
0.126992
0.123153
0.117408
0.127304
0.125973
0.117609
0.122526
0.138068
0.112377
0.128581
0.120075
0.122050
0.108630
0.114533
0.131464
0.127917
0.125251
0.138289
0.118595
0.110512
0.136730
0.123523
0.128151
0.118230
0.121493
0.118376
0.119932
0.130407
0.137452
0.119828
0.111824
0.121997
0.113402
0.107101
0.146878
0.118015
0.121666
0.124434
0.125142
0.115466
0.128923
0.123461
0.119368
0.112951
0.144943
0.130715
0.129553
0.118850
0.118857
0.123105
0.127100
0.151699
0.127054
0.128037
0.121740
0.119032
0.117973
0.119058
0.121552
0.118371
0.118394
0.139662
0.120336
0.138247
0.117253
0.113421
0.119202
0.132201
0.123602
0.124210
0.139672
0.117853
0.120473
0.114912
0.129861
0.125885
0.116258
0.124016
0.139934
0.130776
0.118564
0.118761
0.144436
0.145152
0.122680
0.113634
0.141263
0.126023
0.110452
0.120678
0.129542
0.129620
0.123324
0.114805
0.133360
0.123041
0.109194
0.128983
0.120107
0.106422
0.136435
0.125579
0.125828
0.119101
0.135994
0.117629
0.123212
0.121003
0.113178
0.122910
0.130439
0.125382
0.116185
0.119058
0.115039
0.111180
0.116033
0.114764
0.136137
0.117223
0.119020
0.116671
0.122225
0.117384
0.138209
0.119007
0.134579
0.109406
0.119675
0.105029
0.114512
0.113788
0.124526
0.144740
0.127146
0.118245
0.120474
0.126558
0.119844
0.128510
0.117803
0.139729
0.117775
0.130625
0.112708
0.137178
0.113419
0.151175
0.116191
0.124724
0.118793
0.114749
0.113432
0.106280
0.115489
0.112043
0.110694
0.114320
0.118808
0.115567
0.105974
0.112877
0.129128
0.107251
0.106546
0.102945
0.128364
0.114744
0.130821
0.110248
0.118075
0.108772
0.113403
0.106830
0.122736
0.120349
0.129583
0.121231
0.117190
0.115934
0.117075
0.111262
0.122135
0.120030
0.122250
0.120752
0.121587
0.116780
0.119543
0.114837
0.123227
0.134345
0.133147
0.121125
0.124855
0.139921
0.121786
0.119532
0.120253
0.206130
0.136135
0.128362
0.136140
0.129757
0.117927
0.123580
0.133545
0.116006
0.123895
0.117848
0.136596
0.130734
0.141356
0.126009
0.132613
0.130508
0.127988
0.125087
0.130823
0.126002
0.151830
0.133623
0.122443
0.120858
0.117590
0.119300
0.130410
0.120447
0.119158
0.125390
0.126956
0.118956
0.112469
0.129176
0.118959
0.122553
0.104283
0.112090
0.108497
0.106292
0.135927
0.130461
0.122001
0.110387
0.106492
0.124997
0.113186
0.136972
0.101134
0.117138
0.113603
0.127377
0.105096
0.129143
0.118819
0.124237
0.125724
0.149899
0.112373
0.119337
0.116156
0.125788
0.113139
0.135002
0.113309
0.103375
0.142201
0.110006
0.125939
0.133224
0.121633
0.126801
0.116008
0.111541
0.124583
0.129422
0.123623
0.116816
0.120350
0.111257
0.118948
0.120187
0.106395
0.112797
0.139322
0.129484
0.119500
0.122240
0.128623
0.113439
0.129874
0.113970
0.114542
0.106455
0.109637
0.111221
0.101911
0.111129
0.284883
0.451433
0.142854
0.139494
0.203657
0.190086
0.138824
0.122915
0.111344
0.142934
0.109935
0.114647
0.112195
0.115260
0.116801
0.117839
0.133648
0.117939
0.123607
0.129704
0.120524
0.147227
0.113710
0.132771
0.123314
0.126117
0.131697
0.134916
0.134864
0.118269
0.109985
0.117663
0.130132
0.116619
0.120877
0.116635
0.110817
0.109213
0.115595
0.114750
0.119468
0.146058
0.173714
0.116263
0.131797
0.122172
0.114900
0.122142
0.122604
0.136679
0.137522
0.165998
0.113813
0.115353
0.112042
0.120495
0.115259
0.113568
0.117106
0.118738
0.122815
0.120464
0.103279
0.098241
0.127963
0.130397
0.122621
0.129621
0.152025
0.542756
0.134004
0.138965
0.144820
0.119005
0.218418
0.203181
0.274189
0.264972
0.244071
0.122330
0.113931
0.119556
0.106956
0.103345
0.113238
0.134811
0.106373
0.108737
0.114397
0.116508
0.118806
0.111211
0.128328
0.118344
0.117579
0.121524
0.112283
0.108318
0.113331
0.115634
0.119651
0.114169
0.106060
0.115897
0.130531
0.118251
0.137158
0.157922
0.137182
0.142865
0.140092
0.112324
0.125545
0.113955
0.123990
0.111915
0.123821
0.113761
0.111746
0.122269
0.121335
0.113266
0.125222
0.120886
0.115951
0.106557
0.109775
0.131099
0.113567
0.128132
0.123429
0.117828
0.137356
0.114993
0.119815
0.115703
0.134170
0.117384
0.129750
0.118305
0.128467
0.110132
0.113367
0.133987
0.112719
0.118263
0.147845
0.119257
0.119932
0.138712
0.133621
0.126275
0.118067
0.113340
0.116574
0.136736
0.123735
0.112551
0.117886
0.130976
0.114524
0.116075
0.116900
0.133481
0.118770
0.123166
0.130169
0.118823
0.116743
0.117056
0.115582
0.118620
0.142859
0.112715
0.103997
0.122120
0.118457
0.109250
0.112201
0.130939
0.109202
0.122338
0.113408
0.129595
0.110968
0.136891
0.121645
0.168866
0.146399
0.119252
0.120594
0.160238
0.118589
0.133415
0.117887
0.114420
0.119565
0.111309
0.118149
0.119243
0.119887
0.111744
0.129766
0.116676
0.108787
0.108569
0.108271
0.133457
0.121316
0.115668
0.119186
0.130919
0.118122
0.121109
0.125323
0.112892
0.115538
0.116756
0.107934
0.115161
0.114054
0.115800
0.137789
0.112712
0.131037
0.116258
0.114083
0.129725
0.131546
0.113048
0.105355
0.118091
0.129182
0.123532
0.124079
0.124105
0.129276
0.127949
0.107018
0.119847
0.116422
0.112837
0.122949
0.111417
0.123331
0.114698
0.109258
0.108939
0.131918
0.117762
0.120269
0.113509
0.141853
0.112480
0.107514
0.116616
0.113585
0.119012
0.112780
0.116141
0.110915
0.119767
0.129906
0.129788
0.117197
0.121255
0.108566
0.130466
0.117715
0.111205
0.113676
0.112991
0.117589
0.122751
0.129013
0.144068
0.110448
0.121549
0.125492
0.139634
0.132746
0.111943
0.115772
0.146724
0.126306
0.125470
0.120145
0.110052
0.135361
0.109999
0.115751
0.121222
0.112136
0.118617
0.121129
0.110839
0.123806
0.107694
0.109384
0.127548
0.132340
0.106701
0.117962
0.122261
0.112251
0.131436
0.113150
0.108005
0.115726
0.115334
0.115668
0.116186
0.104746
0.109132
0.107851
0.121378
0.115740
0.119907
0.124448
0.129187
0.128659
0.117969
0.122160
0.122700
0.115047
0.119692
0.118818
0.108271
0.104356
0.110001
0.109583
0.123244
0.109761
0.120713
0.133286
0.141325
0.112163
0.122780
0.114640
0.110308
0.112773
0.139155
0.113214
0.131594
0.110914
0.147626
0.108807
0.123739
0.110335
0.105910
0.113047
0.114849
0.120340
0.116320
0.108219
0.130429
0.102798
0.110965
0.110533
0.109960
0.114639
0.103362
0.138941
0.130577
0.130541
0.132423
0.131125
0.116427
0.116604
0.129234
0.107806
0.116270
0.113300
0.114509
0.123609
0.127522
0.135547
0.456665
0.140136
0.120691
0.123841
0.121791
0.111116
0.116489
0.144393
0.108948
0.109930
0.127930
0.122206
0.115952
0.116304
0.109391
0.105629
0.105581
0.117540
0.107103
0.137307
0.115413
0.108393
0.112940
0.118819
0.143828
0.131098
0.158169
0.132674
0.132403
0.117992
0.142716
0.117823
0.135687
0.121004
0.113958
0.113398
0.111410
0.114941
0.120157
0.115840
0.120061
0.118138
0.115278
0.123279
0.122971
0.114441
0.131860
0.114277
0.114417
0.116629
0.112881
0.118184
0.120513
0.114204
0.117333
0.111226
0.121174
0.109661
0.115137
0.105077
0.112437
0.105406
0.103342
0.107183
0.138259
0.204884
0.115037
0.117570
0.129420
0.139120
0.129706
0.136413
0.116100
0.114437
0.122733
0.127972
0.174023
0.131876
0.109272
0.147364
0.126594
0.117377
0.117871
0.131059
0.118836
0.113962
0.109979
0.115006
0.126516
0.111898
0.125616
0.118968
0.114978
0.109892
0.129039
0.135301
0.108044
0.111097
0.113238
0.116911
0.125108
0.109934
0.128098
0.115502
0.109541
0.134164
0.115269
0.112027
0.105321
0.117026
0.109267
0.108909
0.115049
0.139878
0.121270
0.112390
0.110078
0.113707
0.132471
0.120408
0.128692
0.114719
0.115804
0.109115
0.111959
0.117480
0.122901
0.121026
0.107552
0.113538
0.107631
0.111503
0.108368
0.125211
0.110797
0.109843
0.125807
0.116310
0.106902
0.120851
0.115081
0.140005
0.123338
0.111400
0.115453
0.195579
0.159978
0.171134
0.152729
0.133986
0.128589
0.115646
0.116125
0.117500
0.114149
0.110209
0.134552
0.111706
0.117027
0.113374
0.114796
0.113771
0.129257
0.131126
0.120125
0.131174
0.132695
0.114775
0.121626
0.133085
0.124170
0.128937
0.116100
0.136380
0.126226
0.113650
0.128740
0.108817
0.130063
0.128209
0.139209
0.127336
0.116786
0.115092
0.112753
0.108017
0.109470
0.131416
0.102381
0.120897
0.128698
0.107020
0.106880
0.114951
0.111016
0.110539
0.103053
0.114017
0.118061
0.112318
0.109626
0.118353
0.117414
0.110556
0.138633
0.118775
0.112970
0.114394
0.114326
0.110611
0.132201
0.118843
0.118900
0.112563
0.111204
0.147676
0.111309
0.104785
0.127644
0.117903
0.110631
0.113163
0.142626
0.131955
0.132347
0.114407
0.115405
0.116915
0.105027
0.119198
0.127172
0.112007
0.126714
0.112258
0.121872
0.108893
0.120833
0.126882
0.122875
0.127256
0.132972
0.107149
0.114597
0.111347
0.127610
0.131025
0.131897
0.107004
0.115739
0.115898
0.113920
0.107450
0.111824
0.119093
0.125892
0.131530
0.106004
0.112934
0.112309
0.112190
0.118964
0.117632
0.113250
0.123619
0.138371
0.111094
0.118535
0.124871
0.116060
0.105765
0.108781
0.115357
0.112817
0.109795
0.114080
0.126345
0.106483
0.150642
0.111381
0.132818
0.121185
0.133792
0.126405
0.120450
0.119105
0.124092
0.117568
0.109374
0.128678
0.131969
0.112836
0.123314
0.111119
0.109112
0.103350
0.106864
0.123309
0.120218
0.110051
0.100085
0.099025
0.112023
0.107457
0.127529
0.114274
0.109724
0.109437
0.127375
0.098379
0.107275
0.456148
0.136282
0.107731
0.116680
0.107169
0.129664
0.123421
0.121420
0.111951
0.117061
0.105744
0.111381
0.116790
0.126927
0.117902
0.104929
0.108429
0.109581
0.118685
0.111993
0.109681
0.126776
0.107268
0.109238
0.113326
0.124104
0.119058
0.111220
0.123492
0.114234
0.104653
0.142132
0.127847
0.124277
0.111909
0.115645
0.121415
0.132266
0.121698
0.123424
0.125263
0.111698
0.130496
0.121923
0.119678
0.130245
0.123190
0.106678
0.113167
0.122319
0.123534
0.110193
0.112855
0.114923
0.119524
0.115212
0.134204
0.119329
0.127136
0.118995
0.116774
0.113815
0.123531
0.118735
0.108878
0.123186
0.117855
0.112350
0.112986
0.109054
0.115566
0.127672
0.108118
0.112836
0.110117
0.115525
0.112410
0.108649
0.121002
0.115182
0.117878
0.111998
0.111524
0.114190
0.106025
0.114423
0.107444
0.140936
0.112861
0.117065
0.110678
0.116397
0.132176
0.312244
0.257423
0.145205
0.125546
0.129585
0.115567
0.128852
0.133131
0.114191
0.135229
0.140442
0.105200
0.120658
0.110211
0.110925
0.113331
0.111304
0.114123
0.117228
0.115072
0.138247
0.122111
0.112328
0.113332
0.112268
0.113279
0.105480
0.122748
0.118367
0.119085
0.108069
0.128186
0.108991
0.120178
0.115157
0.107776
0.125715
0.107261
0.105837
0.118137
0.136022
0.112705
0.138649
0.110118
0.106458
0.119353
0.114334
0.121434
0.127431
0.113354
0.126883
0.131949
0.138479
0.147830
0.129333
0.117349
0.122729
0.124475
0.127361
0.125635
0.118728
0.131923
0.120705
0.118092
0.113214
0.133556
0.113273
0.117786
0.136112
0.117843
0.115337
0.132575
0.120538
0.114815
0.117137
0.108723
0.113489
0.110279
0.107463
0.116038
0.137601
0.102537
0.105405
0.117164
0.108517
0.108507
0.115770
0.140444
0.110905
0.114169
0.115077
0.123638
0.103976
0.132405
0.135169
0.109529
0.131953
0.113737
0.114168
0.124085
0.122842
0.112876
0.109359
0.118246
0.124810
0.117683
0.154286
0.124784
0.117567
0.112714
0.113137
0.110929
0.126753
0.140238
0.113208
0.110269
0.118107
0.124926
0.109197
0.111132
0.110722
0.107730
0.124060
0.130786
0.109941
0.131360
0.106866
0.109124
0.109059
0.111712
0.113252
0.120607
0.112382
0.117326
0.105695
0.112032
0.113837
0.140508
0.123272
0.119369
0.118014
0.137071
0.110114
0.105115
0.113399
0.111919
0.117973
0.107613
0.114970
0.119441
0.121829
0.123847
0.108054
0.107866
0.134414
0.121776
0.112679
0.100996
0.116433
0.130230
0.110335
0.103738
0.104770
0.131978
0.109428
0.126785
0.117243
0.125598
0.149467
0.128240
0.132450
0.109244
0.120610
0.129490
0.127974
0.114087
0.112753
0.117941
0.114765
0.119896
0.120965
0.120039
0.127091
0.145596
0.139397
0.127717
0.124604
0.119904
0.112839
0.116791
0.114623
0.110820
0.109520
0.106370
0.150513
0.119791
0.117414
0.135510
0.119436
0.106491
0.121903
0.141409
0.119967
0.107688
0.109926
0.112197
0.114751
0.105626
0.122337
0.111085
0.114111
0.111971
0.110552
0.108450
0.113182
0.116157
0.121584
0.115977
0.120553
0.133854
0.112330
0.112468
0.112437
0.107383
0.122331
0.125289
0.117174
0.132163
0.120754
0.143471
0.126833
0.142641
0.110821
0.105919
0.110961
0.125579
0.116746
0.110308
0.129653
0.132495
0.116089
0.113393
0.129101
0.141637
0.117077
0.116287
0.112131
0.106545
0.114213
0.116085
0.106035
0.118276
0.118972
0.115411
0.113591
0.117868
0.110938
0.114187
0.137571
0.116742
0.118601
0.123670
0.114817
0.110486
0.121005
0.225805
0.180273
0.150628
0.127342
0.144007
0.137617
0.143748
0.136343
0.119232
0.115313
0.118165
0.121338
0.117448
0.110243
0.118960
0.124273
0.122114
0.131497
0.137375
0.124347
0.117715
0.129052
0.109716
0.108975
0.114733
0.117900
0.118959
0.106970
0.125685
0.113242
0.104227
0.104994
0.115211
0.128407
0.107803
0.106029
0.133040
0.113558
0.122229
0.114339
0.119415
0.121027
0.110543
0.115881
0.114050
0.124782
0.132853
0.118652
0.116341
0.120412
0.108453
0.125037
0.130860
0.127413
0.111044
0.111774
0.109452
0.118488
0.131717
0.108975
0.113139
0.109270
0.134306
0.126632
0.118512
0.119457
0.117209
0.110590
0.119145
0.118221
0.132574
0.110985
0.112405
0.106773
0.120347
0.128228
0.136640
0.106065
0.116060
0.119704
0.119861
0.123731
0.112767
0.132060
0.106908
0.129410
0.109637
0.115848
0.123386
0.136523
0.139054
0.145037
0.129464
0.133089
0.134966
0.121573
0.118576
0.122246
0.126919
0.112073
0.113305
0.109641
0.119368
0.116839
0.134052
0.130944
0.110262
0.118469
0.118107
0.115041
0.126306
0.115593
0.108699
0.106446
0.126258
0.131759
0.119549
0.150026
0.119261
0.140859
0.116405
0.120019
0.118147
0.117814
0.118287
0.111525
0.111610
0.123094
0.110931
0.136251
0.114938
0.113186
0.107508
0.116331
0.115437
0.123702
0.206824
0.126061
0.123755
0.124583
0.123004
0.472056
0.178162
0.145875
0.140710
0.114165
0.147387
0.126662
0.113245
0.123974
0.115014
0.115781
0.107163
0.122147
0.113422
0.115680
0.113952
0.110378
0.124247
0.111628
0.104159
0.126792
0.119403
0.119744
0.114883
0.115873
0.105468
0.113207
0.119191
0.173566
0.107361
0.104067
0.112866
0.132919
0.112492
0.127059
0.122070
0.125639
0.129771
0.122568
0.117002
0.136744
0.115257
0.118041
0.112922
0.113393
0.138679
0.119661
0.117669
0.144289
0.125985
0.140803
0.119415
0.108843
0.135123
0.112383
0.117788
0.112089
0.118345
0.116178
0.129427
0.110970
0.116286
0.113753
0.122506
0.113878
0.109642
0.115210
0.116686
0.108658
0.107950
0.105354
0.108845
0.135514
0.104887
0.114415
0.119316
0.126368
0.117849
0.124539
0.136754
0.145082
0.115173
0.126692
0.118916
0.124413
0.118338
0.109860
0.139784
0.134507
0.112902
0.139666
0.119873
0.132354
0.145860
0.110014
0.111461
0.126367
0.117199
0.135676
0.114872
0.112391
0.117430
0.108189
0.114304
0.109763
0.116926
0.117966
0.109816
0.163527
0.129256
0.134195
0.125440
0.120418
0.121724
0.109249
0.127695
0.121125
0.115005
0.118318
0.120820
0.126482
0.128086
0.119248
0.131756
0.119196
0.112725
0.114946
0.115796
0.235538
0.129168
0.126940
0.153018
0.122347
0.114164
0.135791
0.120550
0.112370
0.131923
0.116335
0.105671
0.113460
0.115011
0.118431
0.121414
0.133630
0.108257
0.124093
0.117883
0.102764
0.112070
0.116881
0.124688
0.124329
0.129714
0.115019
0.102975
0.125932
0.120437
0.133395
0.122450
0.114452
0.137745
0.139610
0.132978
0.134748
0.119442
0.112637
0.114437
0.134730
0.116451
0.122550
0.113852
0.134530
0.125809
0.122498
0.123316
0.119710
0.155626
0.121827
0.125728
0.115266
0.118945
0.116361
0.116983
0.109058
0.127077
0.125709
0.113282
0.108417
0.122903
0.130578
0.123043
0.110033
0.125087
0.127584
0.115260
0.105767
0.118979
0.107187
0.126673
0.119747
0.118770
0.222131
0.125084
0.126245
0.202683
0.166615
0.108282
0.125807
0.108513
0.114539
0.107664
0.136474
0.115624
0.112034
0.114457
0.128720
0.123621
0.120877
0.126961
0.113851
0.109657
0.113736
0.116792
0.108314
0.117744
0.133664
0.131165
0.115073
0.141722
0.113943
0.115157
0.119281
0.115669
0.114654
0.118125
0.110904
0.102661
0.116949
0.119728
0.132152
0.115222
0.108766
0.112082
0.119859
0.124340
0.127548
0.136719
0.140075
0.121933
0.119915
0.122833
0.114489
0.116099
0.129918
0.113318
0.117918
0.106521
0.127607
0.116808
0.115241
0.138493
0.115810
0.108347
0.108883
0.118133
0.126508
0.119037
0.118378
0.110127
0.116567
0.105226
0.109712
0.121585
0.106390
0.105243
0.103152
0.114657
0.107836
0.109772
0.107235
0.125388
0.112415
0.110671
0.111733
0.112350
0.115636
0.104859
0.129118
0.120984
0.133901
0.136546
0.143779
0.111788
0.112344
0.122290
0.119364
0.106811
0.114937
0.133971
0.111701
0.131828
0.113741
0.117562
0.111662
0.126212
0.116991
0.118527
0.110729
0.111414
0.124558
0.119253
0.111465
0.112732
0.112661
0.113198
0.116066
0.112143
0.112679
0.111012
0.101757
0.117486
0.116876
0.107557
0.105657
0.124542
0.112702
0.109447
0.109543
0.105738
0.139184
0.122738
0.119026
0.125936
0.129980
0.134712
0.125728
0.125848
0.121135
0.112963
0.109832
0.112430
0.118969
0.142256
0.121988
0.118183
0.118026
0.113105
0.111477
0.111219
0.121073
0.117582
0.114229
0.107423
0.156840
0.118512
0.115308
0.126518
0.125242
0.129298
0.142308
0.132728
0.146635
0.133055
0.124854
0.120615
0.129548
0.120118
0.119558
0.124852
0.118476
0.121991
0.165198
0.124499
0.136016
0.133073
0.184994
0.185199
0.177855
0.140453
0.124234
0.129222
0.127330
0.134604
0.135500
0.517433
0.247147
0.140281
0.138420
0.108728
0.122439
0.123845
0.128277
0.131856
0.148233
0.114014
0.112872
0.127095
0.127578
0.107308
0.114724
0.107885
0.102610
0.135674
0.116361
0.110527
0.104131
0.121472
0.115243
0.110367
0.112905
0.125639
0.139064
0.125237
0.153824
0.134038
0.187690
0.133551
0.130857
0.120253
0.130493
0.180138
0.223526
0.182390
0.162179
0.151272
0.156796
0.168537
0.117392
0.129952
0.115656
0.138921
0.115303
0.122019
0.121514
0.112847
0.114929
0.113523
0.116703
0.118331
0.103815
0.147019
0.117177
0.137374
0.116657
0.111149
0.121461
0.120947
0.118304
0.103021
0.107888
0.125005
0.139068
0.125012
0.131262
0.132187
0.112126
0.133429
0.126748
0.124595
0.129458
0.112239
0.111206
0.133001
0.121541
0.113111
0.146000
0.114216
0.115990
0.118523
0.113653
0.128337
0.123819
0.119429
0.122471
0.129515
0.128727
0.105358
0.116297
0.133472
0.116161
0.130570
0.116793
0.111488
0.120595
0.121807
0.121588
0.114265
0.117608
0.110506
0.128018
0.109930
0.121736
0.122355
0.112696
0.119990
0.145913
0.113144
0.124685
0.128669
0.117538
0.121073
0.117113
0.109092
0.118014
0.110361
0.119268
0.124264
0.113825
0.107164
0.117900
0.113993
0.133184
0.105550
0.128979
0.109750
0.125639
0.113294
0.117838
0.107772
0.110258
0.135321
0.114565
0.117165
0.133384
0.109762
0.113115
0.142737
0.114973
0.103117
0.111828
0.129192
0.114903
0.114560
0.113123
0.112089
0.114228
0.109727
0.110277
0.101934
0.111256
0.117321
0.103462
0.105752
0.114214
0.108795
0.130113
0.112716
0.112834
0.115876
0.109399
0.118117
0.113966
0.112957
0.117836
0.106552
0.114458
0.104814
0.113851
0.102318
0.132138
0.127044
0.127743
0.122114
0.135335
0.114046
0.106603
0.110289
0.130272
0.117203
0.125237
0.119057
0.111017
0.107244
0.146358
0.115532
0.112307
0.113350
0.118409
0.105546
0.104916
0.111868
0.115251
0.118328
0.122335
0.122270
0.113816
0.104145
0.122577
0.109839
0.131574
0.128583
0.122718
0.132162
0.126770
0.131511
0.119244
0.107612
0.112670
0.109253
0.114146
0.137792
0.118438
0.114659
0.119710
0.109735
0.117430
0.112276
0.114110
0.125065
0.114483
0.113557
0.143185
0.111129
0.143536
0.121889
0.110192
0.110630
0.129465
0.107220
0.127907
0.142492
0.114958
0.118896
0.141427
0.116567
0.120653
0.115201
0.128091
0.109788
0.106790
0.125838
0.116783
0.121332
0.115786
0.121898
0.111367
0.114224
0.113356
0.110747
0.118060
0.113620
0.105944
0.109415
0.096909
0.100115
0.109842
0.115725
0.129930
0.111729
0.128582
0.114887
0.114678
0.112915
0.108036
0.116288
0.102900
0.111229
0.107720
0.118604
0.119205
0.113127
0.117429
0.107290
0.114167
0.116814
0.110783
0.112828
0.121819
0.115790
0.119876
0.109309
0.136832
0.121396
0.115352
0.117107
0.129465
0.110876
0.126895
0.109429
0.112458
0.115381
0.109329
0.129142
0.108022
0.109876
0.128928
0.108873
0.118773
0.134648
0.126130
0.123678
0.150949
0.115159
0.114423
0.118364
0.124660
0.131907
0.118830
0.116282
0.112987
0.108525
0.115682
0.134963
0.112468
0.106359
0.111893
0.123397
0.113458
0.102845
0.125269
0.118308
0.118560
0.117781
0.126701
0.114130
0.113775
0.115214
0.112186
0.108912
0.114635
0.112119
0.114786
0.110096
0.106129
0.124482
0.114559
0.115292
0.118900
0.129311
0.143182
0.121025
0.125388
0.131884
0.106979
0.113694
0.115702
0.114668
0.125860
0.109045
0.108373
0.128867
0.125712
0.112394
0.105459
0.111953
0.122415
0.129814
0.118355
0.107920
0.134553
0.129466
0.457698
0.133975
0.126529
0.137723
0.136929
0.142112
0.129772
0.126675
0.106006
0.108579
0.122872
0.112140
0.126141
0.116010
0.113425
0.124412
0.118754
0.114832
0.112264
0.114802
0.113307
0.108144
0.121885
0.129198
0.131697
0.113953
0.132595
0.108964
0.100999
0.110932
0.114855
0.105308
0.102606
0.106712
0.096774
0.549869
0.222451
0.139184
0.128626
0.111066
0.116088
0.124707
0.112993
0.137884
0.132710
0.126970
0.118598
0.105158
0.159102
0.111299
0.111297
0.104437
0.104361
0.101649
0.108338
0.110068
0.122078
0.114842
0.105820
0.123959
0.105182
0.111135
0.119834
0.115630
0.107495
0.135381
0.112537
0.114368
0.112617
0.137135
0.113641
0.111619
0.109190
0.107245
0.101388
0.110652
0.106294
0.119418
0.110601
0.111044
0.109408
0.108031
0.127020
0.132921
0.101247
0.106402
0.136388
0.123036
0.127691
0.114628
0.115404
0.129738
0.121278
0.127136
0.121723
0.109844
0.115359
0.112356
0.112027
0.129736
0.130890
0.121720
0.113771
0.114898
0.137613
0.108753
0.106911
0.120430
0.122396
0.116093
0.112281
0.120191
0.110743
0.122896
0.117319
0.113463
0.122134
0.143033
0.122625
0.115402
0.114644
0.125563
0.105945
0.118103
0.124064
0.110612
0.109742
0.105716
0.112762
0.106104
0.123240
0.110774
0.123105
0.120926
0.124077
0.121893
0.117652
0.118039
0.109673
0.106662
0.116137
0.116145
0.112234
0.105986
0.169376
0.181481
0.151599
0.121305
0.187715
0.170735
0.148282
0.164237
0.128082
0.119010
0.118025
0.113837
0.110263
0.112639
0.109709
0.114065
0.122070
0.108880
0.117633
0.117339
0.114432
0.111157
0.132298
0.109182
0.106768
0.113382
0.115437
0.106379
0.127555
0.114878
0.109042
0.111002
0.111874
0.101423
0.114988
0.113079
0.116285
0.117086
0.112698
0.115620
0.133713
0.143060
0.115310
0.105938
0.114265
0.123984
0.128875
0.134439
0.115630
0.101082
0.133367
0.132086
0.116957
0.115844
0.120664
0.112699
0.114717
0.114186
0.113999
0.116755
0.115330
0.126291
0.113778
0.113548
0.115081
0.115837
0.101089
0.100210
0.116673
0.135350
0.109692
0.120240
0.123074
0.112698
0.113638
0.114013
0.104592
0.120271
0.119693
0.111386
0.110927
0.109856
0.118334
0.112719
0.114461
0.124685
0.134768
0.122106
0.113889
0.119234
0.134134
0.123822
0.125265
0.110750
0.112216
0.121669
0.112891
0.122499
0.112958
0.114507
0.130115
0.113162
0.116316
0.115783
0.111013
0.122491
0.117114
0.108942
0.117948
0.110279
0.110346
0.114454
0.105956
0.113332
0.123116
0.124164
0.116493
0.105050
0.101408
0.112029
0.111338
0.135173
0.129970
0.113295
0.095135
0.118139
0.104515
0.120773
0.131781
0.115642
0.115624
0.111901
0.113691
0.112501
0.134214
0.139956
0.105427
0.104414
0.106364
0.104108
0.123496
0.113889
0.113408
0.130082
0.106419
0.117216
0.113901
0.120794
0.115270
0.114747
0.110700
0.121611
0.109956
0.116323
0.130579
0.120580
0.112300
0.122207
0.119698
0.126636
0.118863
0.108682
0.115235
0.116480
0.114013
0.105733
0.109552
0.122859
0.108331
0.124075
0.102324
0.106516
0.099178
0.105150
0.109521
0.104306
0.100852
0.105282
0.128714
0.111784
0.107365
0.114005
0.109601
0.107514
0.103585
0.125830
0.109097
0.114384
0.108832
0.126804
0.118599
0.109349
0.124132
0.115622
0.112677
0.111100
0.125544
0.111085
0.105897
0.111391
0.117429
0.111091
0.120050
0.108469
0.109727
0.110820
0.114708
0.104379
0.111473
0.115115
0.116541
0.127188
0.108565
0.108823
0.127107
0.113651
0.107903
0.109051
0.100095
0.108275
0.110845
0.115109
0.121740
0.117779
0.117967
0.132509
0.111151
0.119134
0.106902
0.119450
0.119881
0.116142
0.117192
0.117807
0.112467
0.103471
0.128354
0.114457
0.110488
0.119395
0.127093
0.124023
0.110521
0.118754
0.116202
0.113061
0.109260
0.108039
0.119683
0.114860
0.116299
0.112930
0.133082
0.102980
0.105979
0.110669
0.119410
0.111762
0.114306
0.130291
0.111314
0.120821
0.117185
0.126993
0.108833
0.118286
0.113333
0.113053
0.116634
0.112159
0.106624
0.107009
0.112151
0.115004
0.115202
0.114013
0.128164
0.114908
0.462093
0.239165
0.123274
0.113601
0.136904
0.104974
0.125551
0.111574
0.113019
0.151823
0.114747
0.120150
0.117801
0.164082
0.124505
0.125790
0.143533
0.160234
0.120062
0.126366
0.114693
0.119079
0.120795
0.121760
0.122695
0.125802
0.217493
0.249575
0.172093
0.199197
0.129117
0.118917
0.118972
0.112871
0.110086
0.139625
0.115711
0.110491
0.122713
0.110800
0.124363
0.148284
0.111839
0.114192
0.110086
0.116024
0.109586
0.112143
0.109635
0.132273
0.114376
0.104875
0.121632
0.116668
0.114952
0.113463
0.106349
0.128956
0.131202
0.113306
0.118954
0.109085
0.107428
0.142794
0.112382
0.119552
0.118174
0.116512
0.119435
0.116879
0.120275
0.130436
0.142544
0.123658
0.128064
0.121362
0.126632
0.115547
0.130268
0.134131
0.129238
0.121489
0.139951
0.115644
0.118464
0.127382
0.121886
0.124493
0.119209
0.124424
0.119267
0.114326
0.116452
0.145599
0.142313
0.134934
0.129567
0.141597
0.191392
0.178705
0.245281
0.193756
0.118827
0.164543
0.154632
0.121495
0.122587
0.113383
0.116849
0.143931
0.151676
0.125156
0.118820
0.125131
0.120614
0.127327
0.123705
0.114850
0.113734
0.109430
0.117280
0.120307
0.119061
0.115879
0.127823
0.106231
0.111726
0.130953
0.110260
0.127230
0.123246
0.113138
0.118031
0.117140
0.122986
0.130178
0.132282
0.125883
0.114528
0.120951
0.117898
0.137408
0.114226
0.112336
0.111485
0.131265
0.122092
0.113350
0.116441
0.110650
0.110177
0.116806
0.125709
0.146284
0.162916
0.156771
0.138638
0.176246
0.127409
0.201357
0.131864
0.161594
0.140613
0.251360
0.128339
0.122098
0.177264
0.177675
0.187601
0.119149
0.120818
0.137776
0.167905
0.121282
0.146092
0.155614
0.130817
0.143381
0.138515
0.141142
0.150456
0.119798
0.116336
0.108348
0.114410
0.124726
0.109304
0.108342
0.107872
0.114792
0.110663
0.103638
0.138824
0.113009
0.116835
0.129736
0.137527
0.109056
0.107666
0.310777
0.226031
0.129572
0.127728
0.137892
0.136614
0.128960
0.111617
0.123014
0.125029
0.114416
0.130622
0.142352
0.147650
0.127343
0.141782
0.175547
0.168852
0.200682
0.177916
0.128369
0.115431
0.156431
0.201849
0.146457
0.176885
0.119871
0.162498
0.107128
0.120739
0.120505
0.119521
0.113279
0.111043
0.117767
0.113142
0.120698
0.116980
0.127661
0.126320
0.137781
0.115680
0.127414
0.183754
0.232609
0.178482
0.191227
0.131952
0.184041
0.136729
0.193377
0.341101
0.213596
0.137179
0.127274
0.120169
0.135996
0.130449
0.116862
0.133857
0.114034
0.120025
0.114909
0.111228
0.116764
0.125640
0.115873
0.117913
0.124887
0.119687
0.109649
0.137182
0.118014
0.112977
0.119652
0.115024
0.117942
0.114176
0.135266
0.117461
0.130528
0.114464
0.126664
0.142606
0.115166
0.120490
0.129343
0.122867
0.162386
0.130776
0.155332
0.156587
0.145996
0.120559
0.136974
0.117612
0.136161
0.135393
0.145294
0.112185
0.115023
0.125058
0.142333
0.141037
0.138203
0.135643
0.120142
0.126765
0.123701
0.132539
0.127889
0.115332
0.113563
0.124434
0.117150
0.119062
0.118163
0.121053
0.132786
0.123609
0.117847
0.133766
0.117590
0.127839
0.115114
0.129430
0.107810
0.155043
0.131908
0.152667
0.128144
0.125727
0.180967
0.126580
0.143535
0.126866
0.142093
0.112034
0.127711
0.118482
0.118108
0.120993
0.125744
0.143442
0.119735
0.123741
0.120574
0.128528
0.130016
0.117464
0.126276
0.132069
0.116526
0.128643
0.113650
0.119591
0.117302
0.140680
0.131940
0.136750
0.112298
0.119449
0.117248
0.114509
0.131933
0.118546
0.127131
0.119357
0.183510
0.138953
0.127234
0.162805
0.120481
0.162463
0.118948
0.117656
0.160919
0.113680
0.110977
0.128875
0.127209
0.121096
0.112222
0.109088
0.112225
0.124709
0.116072
0.109879
0.115788
0.113145
0.122086
0.119909
0.109920
0.111428
0.112758
0.127399
0.138024
0.111476
0.111258
0.471322
0.183164
0.114792
0.146954
0.129318
0.158083
0.135102
0.110857
0.134915
0.120169
0.135144
0.145406
0.121592
0.110218
0.107787
0.127160
0.116540
0.146066
0.137480
0.134591
0.117663
0.112046
0.104613
0.114432
0.124144
0.112249
0.142198
0.151191
0.132915
0.107120
0.118343
0.106274
0.115211
0.117507
0.124691
0.113651
0.108376
0.125570
0.110173
0.129492
0.125831
0.103931
0.104405
0.118967
0.114443
0.109923
0.103249
0.109699
0.109878
0.132508
0.123345
0.119858
0.124609
0.106635
0.114778
0.113708
0.135910
0.108170
0.144248
0.136560
0.104891
0.124804
0.115623
0.122968
0.101536
0.110869
0.113034
0.106316
0.112786
0.109319
0.116513
0.128064
0.151403
0.122016
0.137477
0.114077
0.118939
0.133454
0.130271
0.146159
0.111978
0.118183
0.135519
0.130364
0.117708
0.130192
0.117993
0.116684
0.140099
0.122326
0.152557
0.119254
0.154316
0.149231
0.134813
0.154877
0.123979
0.120584
0.120993
0.123405
0.124911
0.112879
0.117121
0.146225
0.116137
0.148472
0.141192
0.121529
0.134294
0.112027
0.123574
0.108673
0.123058
0.143343
0.121728
0.113358
0.111691
0.112682
0.126233
0.115013
0.117473
0.113289
0.105756
0.116073
0.111836
0.119735
0.115318
0.120380
0.126815
0.112277
0.110539
0.118390
0.118884
0.110068
0.116293
0.127875
0.127800
0.135883
0.163370
0.124341
0.134173
0.117152
0.116079
0.124567
0.128365
0.121529
0.120172
0.128152
0.114309
0.147865
0.128199
0.146400
0.108720
0.116665
0.106450
0.109691
0.110370
0.117263
0.118258
0.118002
0.126975
0.161074
0.130864
0.126268
0.140990
0.128035
0.137810
0.125918
0.120457
0.106291
0.123589
0.123439
0.152346
0.122517
0.126855
0.119650
0.115960
0.129416
0.111730
0.136852
0.111590
0.120862
0.114362
0.115620
0.115101
0.115282
0.113532
0.113995
0.122943
0.117007
0.120182
0.107137
0.126809
0.135062
0.128716
0.127943
0.118973
0.120177
0.135778
0.124000
0.120035
0.131859
0.128818
0.119292
0.129198
0.123961
0.103629
0.135610
0.119325
0.116951
0.116001
0.114601
0.105746
0.113005
0.128690
0.132407
0.128672
0.139355
0.121498
0.122963
0.115105
0.132787
0.112815
0.122067
0.112883
0.110850
0.119364
0.118371
0.116593
0.136220
0.135903
0.115269
0.129008
0.116518
0.132091
0.122494
0.115506
0.118506
0.117185
0.122736
0.114139
0.123116
0.115709
0.111125
0.105661
0.113874
0.114682
0.130512
0.113464
0.118689
0.113233
0.110246
0.127327
0.120540
0.114887
0.120513
0.110629
0.111482
0.111178
