1.782920
0.265588
0.316502
0.128535
0.168336
0.217102
0.144236
0.193105
0.127198
0.112244
0.123649
0.107918
0.155120
0.128816
0.115592
0.107641
0.108378
0.108352
0.103824
0.172792
0.102183
0.113059
0.115304
0.134763
0.125508
0.141235
0.130619
0.144110
0.141039
0.141913
0.114679
0.138125
0.108806
0.142375
0.111113
0.116881
0.113790
0.149581
0.124124
0.110809
0.111728
0.120480
0.118794
0.109000
0.121273
0.116648
0.121693
0.123634
0.150279
0.113648
0.148154
0.225822
0.130529
0.112672
0.120531
0.122045
0.121795
0.129277
0.179676
0.131082
0.135508
0.109163
0.110426
0.134512
0.132145
0.141994
0.183428
0.156849
0.133346
0.133076
0.120038
0.138573
0.129336
0.152989
0.140015
0.135072
0.121412
0.130846
0.140518
0.137607
0.129177
0.125057
0.120977
0.107683
0.125919
0.139452
0.153874
0.119201
0.162656
0.148579
0.112105
0.136865
0.143829
0.117192
0.151619
0.136554
0.111497
0.122154
0.139911
0.149600
0.123380
0.143602
0.120605
0.127790
0.137125
0.137512
0.186599
0.156604
0.146542
0.158349
0.141077
0.136113
0.181632
0.204192
0.277915
0.249106
0.144811
0.116866
0.124002
0.153387
0.128325
0.123197
0.130348
0.130460
0.130261
0.121306
0.122915
0.147827
0.126805
0.122114
0.119635
0.124157
0.124832
0.134978
0.194923
0.150671
0.192409
0.192969
0.224266
0.192002
0.195530
0.164931
0.163858
0.153613
0.136447
0.192271
0.130843
0.181385
0.164455
0.167492
0.137420
0.162682
0.166415
0.137233
0.132880
0.118352
0.124620
0.115490
0.140232
0.122985
0.143492
0.123931
0.131986
0.141645
0.147877
0.119969
0.111774
0.120399
0.121139
0.144761
0.117600
0.125124
0.137402
0.134963
0.151774
0.150417
0.116389
0.126536
0.153314
0.135019
0.139949
0.177534
0.148539
0.152787
0.145519
0.125083
0.121686
0.111184
0.122813
0.135693
0.149439
0.151425
0.114103
0.120949
0.117384
0.113248
0.122874
0.119719
0.145902
0.119360
0.153935
0.122292
0.111063
0.114814
0.128609
0.124923
0.136649
0.110630
0.119029
0.106868
0.126120
0.133112
0.124641
0.131375
0.125909
0.113184
0.125229
0.121347
0.145148
0.117728
0.117208
0.128525
0.127164
0.194102
0.195840
0.135570
0.202219
0.160807
0.145329
0.124856
0.183309
0.148925
0.131456
0.251624
0.154940
0.164555
0.138594
0.151369
0.148663
0.135775
0.118447
0.123580
0.135790
0.154387
0.123824
0.148533
0.141677
0.136909
0.157834
0.165250
0.235712
0.152012
0.187739
0.261004
0.164976
0.230519
0.167821
0.184726
0.243163
0.326476
0.187081
0.188839
0.145178
0.177266
0.179657
0.166614
0.138546
0.148371
0.147988
0.189603
0.180348
0.148206
0.233087
0.199891
0.193369
0.187875
0.255898
0.190750
0.163476
0.213405
0.213657
0.294704
0.212590
0.258400
0.190681
0.258174
0.208910
0.226158
0.153330
0.196099
0.182940
0.337802
0.184658
0.149822
0.199096
0.195363
0.200922
0.122100
0.192887
0.213700
0.257549
0.247010
0.222887
0.223305
0.250544
0.125912
0.141499
0.219599
0.194012
0.150430
0.145597
0.184199
0.174103
0.137480
0.227082
0.170608
0.159480
0.188372
0.126679
0.120842
0.134522
0.168277
0.121032
0.167312
0.161853
0.149855
0.113513
0.134282
0.171103
0.145625
0.188708
0.127890
0.113746
0.121164
0.130303
0.157902
0.119896
0.143126
0.139966
0.151204
0.122869
0.169461
0.144364
0.200242
0.177756
0.172044
0.148771
0.139828
0.207177
0.167889
0.236961
0.228382
0.166495
0.133752
0.589033
0.309411
0.131536
0.122226
0.167604
0.129684
0.156091
0.220611
0.127354
0.133773
0.116687
0.125612
0.124942
0.127412
0.129362
0.120301
0.122260
0.126049
0.119954
0.191660
0.126274
0.129752
0.132824
0.138287
0.143769
0.145321
0.143856
0.133034
0.131788
0.118519
0.128954
0.128974
0.132438
0.126986
0.118795
0.124025
0.119315
0.124173
0.118417
0.117607
0.132333
0.136966
0.127979
0.133438
0.122681
0.128346
0.119727
0.130202
0.143670
0.123456
0.141103
0.121283
0.117658
0.127547
0.136617
0.139472
0.206230
0.185522
0.187306
0.127363
0.117607
0.150279
0.139618
0.153407
0.129575
0.132395
0.121446
0.122980
0.128992
0.131613
0.121660
0.117461
0.106131
0.147911
0.112325
0.113438
0.113603
0.132317
0.117272
0.140245
0.120997
0.145857
0.120119
0.120081
0.120936
0.137114
0.115105
0.144426
0.116403
0.123895
0.115265
0.113640
0.132757
0.124138
0.114393
0.131949
0.127996
0.151747
0.107029
0.115885
0.113005
0.108512
0.138769
0.145488
0.136255
0.180192
0.151662
0.137367
0.131235
0.124836
0.126325
0.139086
0.149007
0.123086
0.131031
0.116971
0.117497
0.144774
0.133882
0.115667
0.132857
0.110478
0.128416
0.131130
0.141653
0.124561
0.136293
0.117797
0.116898
0.110631
0.120577
0.125207
0.123084
0.139785
0.118040
0.133043
0.137762
0.135547
0.132678
0.120292
0.126669
0.147875
0.110597
0.149218
0.166217
0.137609
0.130950
0.147391
0.118960
0.177930
0.135197
0.126511
0.122812
0.197323
0.223168
0.127249
0.140870
0.133305
0.149692
0.217391
0.137735
0.656628
0.142608
0.145107
0.163098
0.155467
0.185396
0.231854
0.169297
0.179626
0.154297
0.211450
0.152634
0.256451
0.234989
0.204526
0.134867
0.150397
0.230049
0.266536
0.202035
0.123719
0.140204
0.128990
0.122947
0.126540
0.116373
0.138536
0.119741
0.123748
0.120258
0.113955
0.120081
0.132869
0.135621
0.145898
0.129988
0.111302
0.125899
0.114991
0.125377
0.115975
0.121177
0.117494
0.119887
0.121451
0.108834
0.133914
0.113080
0.123438
0.136492
0.111913
0.131449
0.123141
0.121024
0.118636
0.142269
0.113890
0.114146
0.148522
0.130635
0.115456
0.119600
0.115745
0.126822
0.113918
0.112859
0.106784
0.126972
0.152402
0.107539
0.109108
0.130593
0.117245
0.124539
0.134801
0.128475
0.117762
0.116375
0.131068
0.125576
0.113733
0.105925
0.121301
0.115426
0.121178
0.111672
0.119609
0.131968
0.116626
0.130264
0.114085
0.105178
0.133253
0.121735
0.162447
0.141374
0.146423
0.161848
0.124440
0.124300
0.110825
0.140312
0.129037
0.125914
0.114942
0.125950
0.127429
0.143707
0.111151
0.108498
0.150572
0.118587
0.129009
0.141124
0.114895
0.137120
0.124824
0.119518
0.116314
0.117009
0.121683
0.135371
0.135681
0.141066
0.146159
0.129942
0.125266
0.113739
0.107236
0.123543
0.135246
0.110906
0.119583
0.149729
0.126593
0.115052
0.144143
0.141826
0.198525
0.142572
0.185150
0.136488
0.161653
0.161553
0.132639
0.123272
0.141151
0.121350
0.128292
0.137770
0.140600
0.117100
0.145547
0.130500
0.133154
0.114653
0.119455
0.122145
0.152214
0.137994
0.149480
0.120475
0.111235
0.119129
0.150350
0.128086
0.114883
0.138093
0.125306
0.117149
0.122492
0.111070
0.120571
0.142693
0.134660
0.133187
0.132390
0.131182
0.155238
0.127439
0.142296
0.129132
0.112086
0.129350
0.128144
0.119941
0.121882
0.123551
0.131181
0.133790
0.127248
0.128033
0.125879
0.113175
0.126988
0.115341
0.139559
0.115928
0.138393
0.110624
0.124117
0.124433
0.116351
0.127624
0.125864
0.130303
0.124865
0.116411
0.111561
0.116610
0.118028
0.121098
0.116559
0.129078
0.114618
0.124064
0.143622
0.141637
0.135383
0.138715
0.132919
0.115657
0.134803
0.114231
0.121986
0.142344
0.147040
0.130546
0.129856
0.111996
0.130676
0.127437
0.116570
0.126623
0.116565
0.113746
0.133568
0.112153
0.131991
0.815994
0.131343
0.125764
0.147823
0.187207
0.141839
0.126654
0.126958
0.134472
0.145285
0.126875
0.130625
0.124943
0.174704
0.171833
0.148969
0.173877
0.154040
0.117597
0.114527
0.117057
0.115886
0.110289
0.139503
0.123578
0.120648
0.136436
0.116208
0.128851
0.131395
0.118058
0.126523
0.115551
0.143407
0.115323
0.143420
0.122451
0.106460
0.115146
0.133194
0.114002
0.166348
0.134553
0.123447
0.111656
0.118975
0.123274
0.112777
0.116681
0.153852
0.139914
0.115910
0.130468
0.113832
0.135388
0.146202
0.123510
0.155452
0.138851
0.125655
0.131886
0.122733
0.132450
0.132748
0.113862
0.127262
0.138685
0.118064
0.117875
0.120234
0.135201
0.122602
0.139106
0.108901
0.125658
0.116714
0.122669
0.119274
0.127655
0.121265
0.128198
0.119205
0.112705
0.122237
0.138422
0.117612
0.114630
0.137370
0.129096
0.117571
0.127406
0.137361
0.142960
0.183836
0.195705
0.146800
0.127687
0.116998
0.154187
0.148358
0.186456
0.116432
0.153381
0.125594
0.129680
0.138493
0.141220
0.166950
0.141782
0.119544
0.147291
0.120042
0.123092
0.122552
0.120800
0.137250
0.162609
0.130533
0.120985
0.127770
0.117693
0.126439
0.114712
0.124159
0.122334
0.113729
0.124556
0.115876
0.132087
0.119334
0.122252
0.126554
0.126783
0.131844
0.127697
0.113576
0.165731
0.132401
0.134149
0.187545
0.120983
0.128170
0.121711
0.130472
0.127097
0.128829
0.120291
0.117826
0.121276
0.130941
0.128013
0.117863
0.111817
0.123178
0.120870
0.115537
0.131341
0.110367
0.120332
0.117386
0.118554
0.105652
0.110184
0.104781
0.117558
0.120175
0.120564
0.106045
0.125270
0.112709
0.141266
0.111871
0.107166
0.116064
0.130148
0.127526
0.121563
0.136846
0.126035
0.120482
0.128914
0.133936
0.119071
0.119801
0.126062
0.114217
0.135684
0.123324
0.121384
0.110864
0.110305
0.123342
0.126797
0.120997
0.117168
0.114834
0.135231
0.119230
0.122951
0.118375
0.137409
0.118953
0.125948
0.113915
0.164739
0.171333
0.185384
0.186914
0.182513
0.152513
0.128070
0.123332
0.155555
0.127387
0.126812
0.122414
0.120066
0.129086
0.139724
0.139688
0.124751
0.145529
0.134036
0.125850
0.122282
0.134424
0.118439
0.114280
0.120606
0.149168
0.115742
0.121684
0.113590
0.124417
0.132974
0.134673
0.127438
0.123422
0.113341
0.117388
0.124556
0.117396
0.120131
0.115508
0.111483
0.131968
0.110069
0.111386
0.114808
0.111941
0.118057
0.119201
0.122285
0.121974
0.121242
0.108087
0.133312
0.117117
0.139253
0.113352
0.124880
0.129508
0.116529
0.143838
0.144193
0.136217
0.170225
0.130520
0.128115
0.119630
0.116127
0.116770
0.117312
0.121235
0.114883
0.117900
0.113883
0.126664
0.119581
0.118168
0.147988
0.116572
0.106233
0.124229
0.118219
0.115158
0.128545
0.131876
0.112920
0.123209
0.121708
0.123926
0.126073
0.123834
0.126984
0.121510
0.114682
0.115397
0.116443
0.131165
0.120958
0.120785
0.133157
0.134555
0.129833
0.131588
0.140479
0.137459
0.119974
0.113761
0.120479
0.118105
0.130250
0.113076
0.114181
0.141938
0.120837
0.131117
0.109937
0.117654
0.113161
0.124683
0.118037
0.109636
0.133674
0.140960
0.112590
0.131245
0.118702
0.129779
0.122798
0.112881
0.109501
0.119405
0.116548
0.128850
0.123920
0.133868
0.116251
0.120415
0.115301
0.135868
0.134648
0.132115
0.133622
0.129391
0.138460
0.127934
0.140122
0.120562
0.113697
0.125674
0.130768
0.144478
0.124165
0.117253
0.123103
0.123036
0.120187
0.120212
0.134789
0.123778
0.126829
0.141984
0.124885
0.115865
0.120726
0.120964
0.114923
0.119915
0.139575
0.115721
0.129776
0.113868
0.126289
0.125901
0.120480
0.114475
0.120011
0.119270
0.115599
0.116832
0.125376
0.120664
0.110033
0.112356
0.106731
0.125803
0.128393
0.136790
0.142395
0.130360
0.117197
0.114160
0.118831
0.116360
0.115873
0.120675
0.124755
0.109747
0.112481
0.109506
0.508851
0.129308
0.127885
0.129189
0.131397
0.133097
0.125297
0.116521
0.128532
0.115759
0.119915
0.131143
0.118618
0.117231
0.105564
0.340440
0.190266
0.122468
0.112993
0.124430
0.111708
0.126578
0.113417
0.113820
0.163692
0.128455
0.145562
0.139059
0.118633
0.124802
0.148389
0.118244
0.109662
0.111913
0.130806
0.110049
0.116881
0.106446
0.117612
0.110221
0.117475
0.120020
0.115486
0.122557
0.163374
0.129103
0.143752
0.134978
0.126744
0.126119
0.144579
0.152010
0.128502
0.126909
0.126499
0.132837
0.112292
0.120162
0.117728
0.138540
0.115348
0.107650
0.111520
0.132873
0.130790
0.160322
0.134435
0.148523
0.141229
0.137560
0.145423
0.191775
0.128348
0.120175
0.109560
0.123536
0.111705
0.135124
0.135843
0.126540
0.121834
0.138095
0.125432
0.129800
0.131561
0.196434
0.152906
0.116545
0.121176
0.124378
0.132388
0.127831
0.113944
0.108833
0.113707
0.159594
0.126717
0.124422
0.107947
0.106697
0.115374
0.121824
0.115689
0.110185
0.107989
0.126764
0.128106
0.126943
0.123352
0.144121
0.127994
0.114293
0.124647
0.123061
0.112352
0.143455
0.120328
0.114572
0.119725
0.115032
0.119407
0.119950
0.119526
0.160972
0.117651
0.111115
0.126101
0.113756
0.117784
0.115188
0.108936
0.128085
0.110433
0.123470
0.129941
0.128501
0.133458
0.114442
0.122509
0.102361
0.142322
0.115855
0.112494
0.119745
0.121853
0.113806
0.132024
0.135781
0.135908
0.162134
0.137742
0.131089
0.131436
0.111647
0.120716
0.130009
0.141933
0.115250
0.125622
0.116014
0.127978
0.116471
0.118128
0.111198
0.124725
0.111776
0.115044
0.117664
0.136226
0.105117
0.113846
0.131005
0.109452
0.115672
0.127854
0.114109
0.125235
0.114446
0.118282
0.113183
0.112431
0.105348
0.119702
0.119430
0.122286
0.118721
0.116365
0.139583
0.117370
0.122673
0.114075
0.126188
0.130233
0.136632
0.127717
0.118571
0.120626
0.111167
0.126697
0.108014
0.115754
0.117855
0.123465
0.119221
0.118132
0.109752
0.126001
0.122041
0.118401
0.104536
0.119962
0.119430
0.121038
0.133593
0.119790
0.117135
0.115902
0.118108
0.107878
0.110294
0.120720
0.129502
0.117280
0.107347
0.124408
0.134229
0.111127
0.147530
0.115714
0.138873
0.121974
0.111227
0.113091
0.153430
0.163689
0.133759
0.147916
0.129640
0.123120
0.121659
0.129064
0.124839
0.115661
0.122139
0.109214
0.117029
0.119129
0.119369
0.109750
0.126946
0.163869
0.129386
0.123118
0.130121
0.124706
0.119200
0.122436
0.119308
0.126039
0.117186
0.115107
0.112960
0.126027
0.112258
0.135136
0.106390
0.113112
0.138128
0.105658
0.111381
0.128656
0.115215
0.115506
0.117631
0.112526
0.141460
0.131482
0.121722
0.139118
0.123232
0.113066
0.119433
0.119049
0.121807
0.126703
0.118365
0.109547
0.115367
0.149159
0.121805
0.113781
0.105302
0.115849
0.112647
0.119186
0.131448
0.138927
0.138407
0.111028
0.108507
0.133472
0.136111
0.142365
0.134245
0.121358
0.119995
0.132791
0.118584
0.119817
0.114537
0.113434
0.104103
0.130207
0.134513
0.144632
0.138047
0.128559
0.115476
0.130653
0.119944
0.136246
0.129568
0.121449
0.112561
0.111942
0.119460
0.103570
0.117334
0.117726
0.121364
0.115271
0.107353
0.117877
0.125757
0.118425
0.111540
0.113938
0.108551
0.124142
0.108333
0.101783
0.116535
0.108660
0.114914
0.111342
0.110916
0.108322
0.119483
0.115932
0.136722
0.108133
0.104293
0.122110
0.122611
0.114802
0.117301
0.104822
0.124136
0.115431
0.108289
0.121705
0.111878
0.137400
0.125000
0.127305
0.128012
0.129551
0.126092
0.119468
0.115968
0.118076
0.116615
0.116168
0.113376
0.115738
0.109411
0.112425
0.112151
0.114731
0.136320
0.116688
0.128808
0.116510
0.114253
0.122955
0.121910
0.112273
0.110729
0.121997
0.115835
0.111540
0.120379
0.116674
0.113092
0.107592
0.116495
0.112007
0.119319
0.115146
0.142545
0.118312
0.118051
0.137988
0.137982
0.135446
0.149729
0.116473
0.128620
0.120834
0.117308
0.123157
0.116311
0.116825
0.122720
0.123705
0.116642
0.112557
0.110896
0.110358
0.115010
0.127476
0.124965
0.110422
0.114702
0.330935
0.264416
0.117735
0.136120
0.117086
0.155778
0.135351
0.115883
0.121268
0.118250
0.109638
0.113311
0.121336
0.113044
0.110903
0.114653
0.110795
0.109917
0.112021
0.113892
0.111317
0.107999
0.111419
0.116018
0.118786
0.115464
0.130915
0.144362
0.127583
0.134559
0.115047
0.131665
0.114855
0.113988
0.110252
0.110659
0.106495
0.103973
0.130178
0.141956
0.111636
0.112145
0.109553
0.114349
0.122345
0.119572
0.124096
0.116377
0.113245
0.122641
0.116761
0.145126
0.125201
0.112869
0.126877
0.107898
0.124256
0.111064
0.136706
0.115410
0.119873
0.115451
0.133739
0.116003
0.109808
0.103069
0.127378
0.119341
0.145386
0.131319
0.127563
0.128888
0.112740
0.116160
0.111921
0.118811
0.110911
0.109708
0.109644
0.127125
0.114640
0.111557
0.104452
0.105990
0.130480
0.107795
0.111223
0.115360
0.123407
0.121534
0.120768
0.114337
0.117219
0.148025
0.116034
0.117221
0.112166
0.112815
0.110063
0.120062
0.131378
0.119409
0.115700
0.114221
0.149624
0.127318
0.133511
0.118024
0.135112
0.125256
0.124672
0.119178
0.120935
0.153156
0.141609
0.121812
0.118744
0.118529
0.117628
0.120157
0.119871
0.117194
0.114138
0.107962
0.112586
0.125436
0.111946
0.146322
0.113715
0.106250
0.111201
0.113544
0.116111
0.118373
0.110822
0.107796
0.111839
0.111736
0.108995
0.107224
0.103204
0.112867
0.108676
0.129581
0.111715
0.115396
0.112576
0.111439
0.123506
0.102374
0.101408
0.130220
0.120752
0.113938
0.136937
0.125189
0.121229
0.128079
0.165939
0.118449
0.111179
0.119537
0.150398
0.119480
0.117367
0.148615
0.111166
0.113902
0.113261
0.123982
0.123909
0.113928
0.123899
0.169215
0.180453
0.155576
0.152360
0.118856
0.208740
0.122846
0.116225
0.111502
0.134778
0.107842
0.123692
0.112747
0.118520
0.122804
0.118377
0.120586
0.134732
0.134629
0.122955
0.121107
0.113649
0.124066
0.138962
0.139076
0.136406
0.146544
0.129667
0.114584
0.137783
0.112234
0.125199
0.113728
0.137344
0.367538
0.176610
0.122760
0.145850
0.136462
0.127869
0.146161
0.121434
0.114287
0.119142
0.114793
0.110905
0.127399
0.123259
0.114063
0.133828
0.134886
0.124964
0.112189
0.129035
0.119451
0.111272
0.131362
0.132254
0.121202
0.131222
0.142419
0.118640
0.143954
0.124697
0.140549
0.122549
0.129888
0.225298
0.126366
0.120959
0.110139
0.122593
0.117210
0.119116
0.115101
0.120309
0.116959
0.109716
0.130242
0.117423
0.131975
0.124305
0.113113
0.113743
0.114230
0.126190
0.117489
0.111007
0.125637
0.116111
0.125921
0.135177
0.110075
0.118709
0.123140
0.118933
0.110021
0.133915
0.114316
0.129494
0.118836
0.114868
0.122107
0.137143
0.127341
0.147447
0.163144
0.122549
0.127551
0.126832
0.117318
0.118271
0.119095
0.120743
0.123839
0.125301
0.105664
0.119265
0.118535
0.123712
0.120379
0.109321
0.130536
0.118012
0.138107
0.123521
0.125940
0.129136
0.138662
0.112120
0.111794
0.122559
0.116547
0.111691
0.110702
0.115234
0.121701
0.130318
0.113985
0.121998
0.117610
0.113123
0.118606
0.104672
0.113749
0.125813
0.154956
0.155289
0.148669
0.133777
0.138077
0.125727
0.131156
0.123211
0.127823
0.116893
0.132935
0.136525
0.127719
0.124889
0.119809
0.138169
0.129504
0.127459
0.117319
0.120238
0.125578
0.143184
0.116544
0.117185
0.113959
0.121902
0.123603
0.130549
0.119539
0.134082
0.117578
0.118815
0.117229
0.129582
0.112489
0.116110
0.110954
0.129938
0.119207
0.138313
0.160920
0.146158
0.150877
0.156720
0.141470
0.138754
0.122948
0.129779
0.121214
0.124522
0.117287
0.119902
0.108503
0.123503
0.114794
0.129865
0.120572
0.142986
0.140170
0.125353
0.119567
0.129015
0.119765
0.122341
0.128579
0.120703
0.111785
0.113936
0.112511
0.116300
0.121141
0.111530
0.130233
0.114258
0.115392
0.109975
0.157398
0.185270
0.190374
0.215314
0.326332
0.374924
0.221023
0.147194
0.153645
0.137989
0.143781
0.106520
0.111649
0.114885
0.126844
0.111178
0.117400
0.127421
0.124859
0.114713
0.111588
0.121182
0.139756
0.123899
0.124321
0.106515
0.116520
0.128579
0.119150
0.109877
0.114569
0.113623
0.114090
0.117565
0.113717
0.112613
0.131156
0.126828
0.110712
0.132301
0.170212
0.124795
0.143791
0.135223
0.147120
0.128960
0.136593
0.129453
0.117309
0.118521
0.147160
0.110602
0.112817
0.114332
0.113027
0.112243
0.109025
0.114677
0.111783
0.109908
0.114447
0.109481
0.110113
0.112449
0.118013
0.142250
0.112786
0.115062
0.113778
0.114290
0.110179
0.133119
0.109431
0.117605
0.110775
0.141305
0.111917
0.146180
0.106607
0.124649
0.125997
0.112591
0.107857
0.120373
0.122608
0.142963
0.123556
0.119287
0.117351
0.131203
0.116092
0.119312
0.112780
0.113716
0.111981
0.113645
0.138559
0.114832
0.111799
0.115159
0.112283
0.109926
0.138846
0.135155
0.136453
0.112335
0.114393
0.136771
0.113330
0.116862
0.124305
0.133612
0.122442
0.130336
0.107887
0.111385
0.122654
0.119236
0.120710
0.117359
0.110315
0.109108
0.108442
0.108389
0.116700
0.130077
0.119034
0.171378
0.197280
0.140973
0.142400
0.119122
0.137546
0.113732
0.119255
0.122197
0.119608
0.110668
0.118678
0.130621
0.109077
0.126854
0.136250
0.119709
0.115005
0.132981
0.120346
0.111565
0.130726
0.105059
0.119199
0.113359
0.114295
0.145166
0.112887
0.125742
0.140633
0.141958
0.122943
0.117409
0.128398
0.123980
0.128252
0.168055
0.126123
0.152671
0.129746
0.120770
0.121750
0.152443
0.147652
0.126206
0.121053
0.143900
0.113742
0.117522
0.144031
0.116313
0.115041
0.114872
0.130188
0.128849
0.125826
0.133324
0.125999
0.121048
0.139098
0.117392
0.129485
0.122290
0.146651
0.159378
0.124822
0.146107
0.129088
0.119085
0.123388
0.131482
0.198914
0.112894
0.113883
0.121406
0.201031
0.155045
0.158420
0.122143
0.181039
0.150370
0.132157
0.134019
0.204069
0.164787
0.174784
0.130506
0.140072
0.117687
0.131215
0.125358
0.117456
0.144169
0.163322
0.175970
0.173346
0.120927
0.120719
0.128035
0.136722
0.110419
0.110771
0.122736
0.116548
0.131648
0.121997
0.135462
0.133489
0.123908
0.114045
0.114756
0.115734
0.116955
0.111954
0.116772
0.119357
0.113447
0.110240
0.123596
0.116553
0.141583
0.128331
0.147021
0.133250
0.119175
0.117675
0.142750
0.110575
0.106160
0.116158
0.127496
0.133384
0.108635
0.102296
0.108686
0.112714
0.116800
0.129053
0.121089
0.132536
0.123686
0.112612
0.117917
0.105410
0.109971
0.132042
0.112439
0.102165
0.113012
0.109253
0.112229
0.112490
0.104344
0.104939
0.121716
0.118704
0.112423
0.144139
0.117200
0.115022
0.133894
0.143543
0.211819
0.160278
0.260589
0.176513
0.175497
0.193866
0.134194
0.231631
0.120759
0.134782
0.121703
0.135602
0.116825
0.121251
0.118318
0.116121
0.131282
0.116078
0.122566
0.111298
0.120026
0.113245
0.114912
0.117528
0.125503
0.126817
0.110729
0.114720
0.112354
0.110666
0.115851
0.115830
0.116530
0.132398
0.119824
0.118650
0.145740
0.168460
0.196922
0.132368
0.181176
0.233605
0.205710
0.163252
0.160322
0.116594
0.117086
0.120545
0.142578
0.141418
0.145122
0.158472
0.134244
0.118582
0.116154
0.119940
0.136175
0.115639
0.116329
0.115437
0.131319
0.133393
0.103863
0.120628
0.116309
0.123709
0.123250
0.121425
0.117806
0.120222
0.120782
0.114974
0.134754
0.134313
0.118545
0.148800
0.168738
0.134793
0.139434
0.138602
0.212578
0.132317
0.214161
0.122724
0.125994
0.129462
0.131095
0.127039
0.126138
0.131537
0.114485
0.138850
0.118149
0.113693
0.106272
0.136659
0.132831
0.113428
0.109424
0.123248
0.119053
0.112098
0.130392
0.133078
0.133100
0.134900
0.137313
0.128609
0.125829
0.142594
0.114947
0.146768
0.148309
0.118174
0.114398
0.127513
0.143526
0.286869
0.367135
0.207813
0.121344
0.195353
0.172139
0.145875
0.126235
0.159879
0.163425
0.115157
0.190391
0.111772
0.126575
0.113041
0.109571
0.117112
0.137805
0.118978
0.116343
0.149821
0.115213
0.149367
0.123329
0.113932
0.112987
0.116258
0.123215
0.138463
0.127084
0.129600
0.127367
0.110932
0.125328
0.124756
0.120706
0.136291
0.138435
0.120958
0.119330
0.127633
0.130101
0.117113
0.106952
0.112346
0.111942
0.134410
0.113655
0.121230
0.112707
0.125685
0.486822
0.133428
0.117765
0.120546
0.111953
0.141125
0.131341
0.118224
0.142163
0.118960
0.114200
0.141477
0.127866
0.121476
0.138567
0.111252
0.108337
0.120408
0.136783
0.121419
0.107720
0.112093
0.132220
0.127032
0.133170
0.153327
0.206220
0.167023
0.163549
0.158895
0.116666
0.158774
0.212716
0.126902
0.112941
0.121887
0.132242
0.126422
0.158132
0.108563
0.115353
0.109750
0.128902
0.114751
0.122925
0.108363
0.113174
0.110875
0.118929
0.110264
0.122371
0.140129
0.129638
0.124300
0.115219
0.142828
0.143672
0.158856
0.123559
0.112675
0.115585
0.113195
0.110471
0.143726
0.130380
0.138947
0.136351
0.145176
0.121715
0.118057
0.117810
0.125452
0.117789
0.120014
0.115592
0.120303
0.116355
0.112346
0.111471
0.117417
0.118439
0.111173
0.112534
0.115202
0.107062
0.152867
0.114976
0.112714
0.112861
0.129625
0.132060
0.108760
0.117680
0.124833
0.122140
0.114609
0.100070
0.118317
0.114706
0.112482
0.134258
0.115781
0.121494
0.112767
0.107117
0.111547
0.139652
0.133807
0.127652
0.120167
0.111095
0.116813
0.117834
0.124380
0.117957
0.129776
0.133917
0.119366
0.109993
0.108844
0.115150
0.135965
0.113787
0.118918
0.122296
0.127108
0.113441
0.114078
0.116500
0.109978
0.116545
0.115851
0.125096
0.114556
0.103168
0.116411
0.109032
0.125435
0.108037
0.123663
0.108954
0.114382
0.130026
0.120688
0.119071
0.128328
0.109972
0.115188
0.111803
0.112941
0.125548
0.117855
0.121243
0.138045
0.120442
0.154807
0.151088
0.134641
0.225760
0.148669
0.134884
0.152079
0.107306
0.106685
0.119516
0.113004
0.123059
0.119589
0.121567
0.118648
0.137528
0.116336
0.118242
0.133518
0.123504
0.141642
0.138892
0.134099
0.215874
0.210438
0.166758
0.116653
0.124965
0.120296
0.134139
0.136360
0.135469
0.118397
0.111967
0.129273
0.135839
0.140222
0.136909
0.142053
0.149726
0.122933
0.125445
0.123441
0.127757
0.120846
0.117020
0.114790
0.148435
0.116532
0.112881
0.111964
0.115656
0.135973
0.125440
0.133363
0.106591
0.102131
0.133480
0.114843
0.111083
0.121474
0.114654
0.109348
0.117339
0.126364
0.101726
0.113542
0.113758
0.122332
0.115683
0.126359
0.121642
0.132935
0.115866
0.110997
0.111413
0.122217
0.155560
0.141199
0.162241
0.112662
0.127653
0.124504
0.119023
0.134293
0.123141
0.142448
0.112619
0.109832
0.114056
0.121856
0.116867
0.120305
0.112417
0.108093
0.108109
0.118745
0.131291
0.114384
0.108390
0.109967
0.111768
0.107209
0.108696
0.113617
0.107472
0.116654
0.111770
0.108445
0.136709
0.148830
0.113719
0.101013
0.115822
0.113523
0.113182
0.107097
0.105467
0.106496
0.117474
0.123790
0.122602
0.124462
0.131378
0.120975
0.113017
0.117633
0.116346
0.120363
0.117843
0.114006
0.117820
0.114748
0.114504
0.144158
0.109263
0.116853
0.119643
0.111036
0.110379
0.109485
0.111238
0.111439
0.111598
0.112209
0.111882
0.110345
0.115406
0.107603
0.139846
0.107512
0.118171
0.113487
0.115458
0.114348
0.110033
0.106603
0.128893
0.122173
0.124415
0.132139
0.117886
0.110154
0.110646
0.118651
0.128867
0.111779
0.109321
0.111108
0.113443
0.119549
0.109866
0.126177
0.120986
0.112050
0.107595
0.111176
0.131482
0.139827
0.108498
0.110537
0.119347
0.107410
0.117964
0.112054
0.109509
0.121497
0.108796
0.105712
0.112253
0.155991
0.165419
0.261772
0.185060
0.168208
0.111066
0.118305
0.110663
0.130779
0.132067
0.105067
0.117327
0.117518
0.115020
0.111884
0.118246
0.132541
0.422817
0.469379
0.189112
0.175125
0.160554
0.201602
0.145435
0.200760
0.120906
0.142464
0.159639
0.121222
0.118330
0.120355
0.134823
0.117861
0.121120
0.130959
0.133048
0.139785
0.131799
0.129278
0.121994
0.120050
0.144987
0.120893
0.115994
0.116304
0.120923
0.123185
0.111341
0.122273
0.137152
0.140646
0.181712
0.122770
0.136321
0.107461
0.128682
0.124937
0.131196
0.138046
0.121513
0.139515
0.147852
0.121164
0.108402
0.133633
0.120634
0.129776
0.127984
0.134201
0.184339
0.169530
0.158697
0.138389
0.162004
0.135990
0.124961
0.153230
0.120991
0.113230
0.129945
0.113493
0.122670
0.124589
0.108799
0.115279
0.124573
0.146491
0.116623
0.115001
0.147388
0.142214
0.116187
0.122926
0.119638
0.129175
0.116734
0.108362
0.112086
0.113956
0.108553
0.115685
0.109425
0.112659
0.114140
0.108398
0.108314
0.110017
0.142517
0.124843
0.114185
0.121343
0.118595
0.113795
0.135631
0.111115
0.125648
0.108382
0.111410
0.110381
0.110330
0.112279
0.111658
0.113027
0.114392
0.112284
0.120268
0.115397
0.116655
0.112122
0.142289
0.130318
0.118013
0.132055
0.130822
0.121412
0.108142
0.110146
0.132992
0.118011
0.111657
0.117681
0.115251
0.145028
0.113283
0.111836
0.112256
0.109756
0.119284
0.113380
0.128616
0.114794
0.108957
0.122573
0.110110
0.133374
0.119076
0.115397
0.123940
0.124531
0.125075
0.112878
0.120632
0.108553
0.176769
0.120302
0.131335
0.111503
0.121330
0.119751
0.121832
0.120027
0.110265
0.108631
0.114671
0.118983
0.120325
0.132109
0.140172
0.124401
0.143549
0.127467
0.132058
0.114161
0.114616
0.110217
0.130975
0.106702
0.110427
0.110301
0.112057
0.111456
0.121004
0.118881
0.111351
0.122805
0.116263
0.124266
0.130504
0.120139
0.117207
0.123395
0.118762
0.118828
0.118357
0.114195
0.109717
0.129679
0.116676
0.113569
0.115139
0.119256
0.111937
0.122019
0.110306
0.116258
0.120355
0.115122
0.115309
0.108555
0.111838
0.111478
0.114338
0.125030
0.114885
0.116580
0.120975
0.111202
0.109215
0.104488
0.118045
0.135057
0.110432
0.110456
0.139549
0.120257
0.100519
0.113571
0.116906
0.119281
0.104988
0.109201
0.119443
0.107824
0.109582
0.111059
0.108925
0.108224
0.103838
0.122122
0.111704
0.116384
0.117323
0.120801
0.105214
0.108743
0.117034
0.110833
0.103674
0.110645
0.108117
0.110014
0.115967
0.115603
0.111386
0.117094
0.109682
0.110539
0.103903
0.115132
0.110577
0.133931
0.120797
0.144214
0.109201
0.110105
0.106828
0.330950
0.115644
0.121248
0.127661
0.127778
0.117494
0.116593
0.113582
0.109803
0.125925
0.114876
0.112411
0.119190
0.114200
0.110806
0.104805
0.108551
0.113791
0.122419
0.113582
0.113803
0.107545
0.126684
0.109402
0.113328
0.108792
0.114280
0.114676
0.115839
0.136051
0.123860
0.121699
0.121461
0.123921
0.118958
0.129167
0.140007
0.126705
0.124373
0.110381
0.118023
0.122577
0.121851
0.114687
0.112780
0.126358
0.115618
0.111666
0.124158
0.123622
0.130730
0.122301
0.119262
0.121264
0.134871
0.130053
0.146725
0.121278
0.149513
0.118059
0.114278
0.117151
0.133319
0.142754
0.127709
0.128055
0.144496
0.150028
0.123375
0.133121
0.121014
0.128200
0.144929
0.115607
0.106819
0.119966
0.118273
0.155047
0.126968
0.185625
0.118807
0.128067
0.118897
0.123450
0.123453
0.133322
0.116510
0.120855
0.107443
0.115645
0.117960
0.125513
0.121810
0.115787
0.121845
0.115666
0.112734
0.153288
0.128141
0.140269
0.129312
0.125588
0.119785
0.120070
0.122541
0.118160
0.134648
0.123292
0.118976
0.114371
0.119004
0.118193
0.118600
0.115027
0.120040
0.120101
0.116466
0.118063
0.138705
0.112981
0.124058
0.125034
0.113099
0.118245
0.121729
0.120915
0.109796
0.112850
0.124789
0.117987
0.110770
0.121993
0.128376
0.111223
0.136800
0.128775
0.115612
0.121570
0.122855
0.110182
0.108422
0.114770
0.114004
0.114155
0.121657
0.108799
0.131137
0.119281
0.122040
0.121056
0.133100
0.119695
0.120722
0.121798
0.117076
0.108475
0.115315
0.112217
0.327220
0.287321
0.147533
0.123544
0.138559
0.150389
0.138284
0.146814
0.118420
0.112648
0.151468
0.108926
0.114025
0.118902
0.134437
0.117588
0.110372
0.109072
0.112061
0.114145
0.101901
0.110329
0.132616
0.142651
0.119888
0.119583
0.122385
0.111088
0.107648
0.119289
0.110913
0.128745
0.134043
0.114679
0.113202
0.124359
0.122334
0.112282
0.103478
0.128005
0.115841
0.125565
0.113070
0.109949
0.119084
0.105579
0.113795
0.110749
0.106142
0.113041
0.102713
0.116500
0.114582
0.113375
0.113375
0.116712
0.124855
0.113357
0.104586
0.130356
0.125174
0.107881
0.112425
0.118437
0.134555
0.160767
0.116002
0.116886
0.112292
0.129381
0.123614
0.112191
0.133798
0.122753
0.144567
0.113352
0.123602
0.111676
0.137068
0.108281
0.110298
0.101411
0.109212
0.123002
0.129462
0.114338
0.120967
0.123104
0.098691
0.111511
0.105327
0.114199
0.120792
0.123996
0.113993
0.117095
0.118829
0.120004
0.118438
0.111639
0.113510
0.115183
0.113521
0.133859
0.109543
0.110645
0.116455
0.116452
0.144069
0.116321
0.154792
0.126381
0.126189
0.101770
0.113500
0.147257
0.109896
0.120990
0.115546
0.115450
0.132513
0.150380
0.124189
0.114730
0.115474
0.125303
0.141677
0.136490
0.121835
0.117284
0.120653
0.143078
0.116734
0.115060
0.117781
0.116600
0.112476
0.113998
0.124545
0.124536
0.113454
0.113990
0.112141
0.131552
0.107053
0.125450
0.120481
0.116576
0.122638
0.114617
0.136088
0.119397
0.120066
0.125020
0.130190
0.118154
0.119544
0.112496
0.118533
0.112306
0.122188
0.119948
0.109465
0.120606
0.117641
0.109435
0.114394
0.119060
0.117386
0.116148
0.113907
0.131824
0.121461
0.118848
0.115461
0.108358
0.128985
0.198707
0.196724
0.164355
0.122443
0.220742
0.201521
0.116510
0.118484
0.118642
0.111100
0.108806
0.104254
0.104321
0.112537
0.113885
0.109277
0.107129
0.113996
0.114194
0.116278
0.116043
0.115246
0.115082
0.115878
0.115476
0.115375
0.113747
0.113266
0.115235
0.116425
0.103780
0.110817
0.122125
0.111701
0.110508
0.117477
0.125738
0.113895
0.108922
0.116680
0.135016
0.111828
0.114412
0.108524
0.129537
0.109970
0.109088
0.116741
0.115008
0.122014
0.115787
0.109074
0.116640
0.118820
0.114113
0.112952
0.128497
0.111284
0.117408
0.108823
0.115626
0.137278
0.112617
0.139902
0.124576
0.126958
0.118224
0.132909
0.120628
0.122313
0.116772
0.111667
0.118918
0.103066
0.115035
0.117215
0.108116
0.112531
0.144159
0.116726
0.110238
0.119821
0.150279
0.111679
0.108855
0.118987
0.123310
0.127229
0.123258
0.150500
0.118223
0.116301
0.122925
0.116957
0.112611
0.102218
0.144333
0.129797
0.120045
0.123565
0.115788
0.122003
0.115348
0.118099
0.122104
0.130898
0.114622
0.120253
0.111378
0.116525
0.121092
0.115071
0.113783
0.119818
0.119908
0.119979
0.121665
0.109566
0.104095
0.112388
0.125528
0.132616
0.137517
0.119057
0.103956
0.124027
0.111444
0.106383
0.108406
0.124059
0.112024
0.112374
0.110977
0.106691
0.108342
0.116230
0.109810
0.111283
0.105058
0.112841
0.113022
0.120904
0.109712
0.118349
0.115484
0.108563
0.120018
0.106603
0.115992
0.146130
0.114817
0.112888
0.114944
0.116494
0.115120
0.116678
0.123756
0.112318
0.116528
0.109624
0.138861
0.116635
0.115055
0.111930
0.114273
0.115026
0.114906
0.139865
0.145868
0.124715
0.115770
0.103680
0.125572
0.125539
0.135302
0.108292
0.111153
0.110099
0.105855
0.114236
0.111672
0.108587
0.124310
0.114859
0.140791
0.111919
0.120328
0.100255
0.102617
0.137330
0.124586
0.112489
0.113010
0.122143
0.128395
0.144805
0.131266
0.139215
0.128491
0.137917
0.122722
0.130358
0.120293
0.127523
0.119094
0.117488
0.110329
0.120928
0.110991
0.103286
0.114064
0.108186
0.119360
0.158556
0.110188
0.119131
0.117220
0.115394
0.106127
0.107457
0.118071
0.122756
0.119704
0.136243
0.098802
0.110221
0.121368
0.102450
0.109365
0.114445
0.125485
0.113790
0.118656
0.108406
0.131095
0.114057
0.111846
0.109165
0.107583
0.105710
0.336511
0.253117
0.121095
0.118871
0.104446
0.118752
0.111079
0.116421
0.106508
0.113199
0.132669
0.114381
0.108888
0.108517
0.122615
0.120768
0.120773
0.135008
0.106658
0.107063
0.116950
0.115873
0.116751
0.104638
0.109460
0.146617
0.105670
0.156301
0.107516
0.120364
0.124066
0.119929
0.112967
0.128545
0.112189
0.107438
0.132245
0.117071
0.105441
0.143912
0.118790
0.118882
0.211083
0.156469
0.169242
0.233611
0.175485
0.114764
0.116784
0.107383
0.104496
0.115058
0.332750
0.353498
0.117109
0.131295
0.124659
0.123403
0.128511
0.123473
0.124539
0.140429
0.127728
0.120583
0.111593
0.122577
0.136317
0.109195
0.115465
0.110810
0.106604
0.129637
0.113036
0.131462
0.112936
0.116204
0.126165
0.115190
0.124272
0.122477
0.115605
0.101415
0.134255
0.109842
0.116863
0.112475
0.105536
0.110174
0.124867
0.118336
0.114382
0.113490
0.118869
0.117841
0.151299
0.108207
0.109737
0.107706
0.111772
0.118979
0.110131
0.113414
0.115396
0.116288
0.118130
0.112003
0.116829
0.117246
0.117894
0.136846
0.114451
0.111266
0.110483
0.125105
0.131394
0.104226
0.105517
0.142050
0.160166
0.139672
0.181392
0.147407
0.212739
0.260292
0.150617
0.118847
0.123183
0.120856
0.112298
0.121801
0.120826
0.134488
0.119489
0.122011
0.136442
0.114174
0.143126
0.114458
0.134023
0.116670
0.116290
0.120033
0.119874
0.121564
0.120385
0.115453
0.111787
0.115876
0.121105
0.119218
0.113577
0.127031
0.117117
0.121184
0.120202
0.114599
0.123380
0.109479
0.120886
0.132845
0.128686
0.110710
0.116360
0.104925
0.121281
0.112243
0.109715
0.119230
0.118318
0.115961
0.115327
0.116538
0.114895
0.122081
0.121796
0.119585
0.132104
0.117243
0.110043
0.125389
0.109929
0.143672
0.112988
0.165338
0.211554
0.139457
0.184754
0.128315
0.122999
0.191909
0.116404
0.156716
0.183479
0.116845
0.104574
0.117598
0.129193
0.112201
0.111086
0.112930
0.106598
0.105309
0.109376
0.127825
0.105387
0.113451
0.110290
0.122622
0.109007
0.116008
0.116026
0.108963
0.118451
0.137788
0.119349
0.137464
0.116238
0.141883
0.124214
0.106732
0.108117
0.126727
0.113126
0.110984
0.121445
0.107587
0.110826
0.123697
0.115390
0.113024
0.114730
0.130978
0.121075
0.111299
0.112749
0.110505
0.113307
0.110785
0.122211
0.110082
0.105482
0.112998
0.109961
0.145412
0.113796
0.119528
0.115317
0.113077
0.108846
0.107592
0.109806
0.115459
0.125493
0.127221
0.124336
0.115920
0.121885
0.114601
0.110400
0.113431
0.105855
0.126777
0.116368
0.108539
0.106136
0.127936
0.169650
0.129824
0.116116
0.117235
0.117680
0.135406
0.125771
0.114649
0.127193
0.109715
0.119787
0.119136
0.118254
0.114764
0.115104
0.119938
0.113328
0.121197
0.113070
0.118678
0.110023
0.117127
0.111649
0.119137
0.108220
0.118264
0.112376
0.132103
0.124480
0.147247
0.110178
0.115451
0.121870
0.110623
0.126224
0.108052
0.101285
0.118476
0.111505
0.135572
0.115882
0.116084
0.116375
0.107573
0.139169
0.136096
0.120680
0.120183
0.143978
0.114462
0.119870
0.118558
0.121422
0.129366
0.124580
0.138441
0.115253
0.131223
0.110133
0.116277
0.117646
0.111746
0.102448
0.127776
0.107475
0.109296
0.133820
0.121359
0.135032
0.110532
0.143074
0.117561
0.122722
0.116443
0.108824
0.139977
0.128308
0.117246
0.114084
0.111467
0.106599
0.117735
0.114761
0.114232
0.126280
0.112364
0.113824
0.123221
0.114352
0.112415
0.119803
0.123611
0.120826
0.117969
0.117352
0.125759
0.118953
0.109504
0.122960
0.115469
0.110164
0.126524
0.115730
0.116997
0.119935
0.129792
0.122911
0.122150
0.119431
0.136427
0.113755
0.114420
0.127758
0.124379
0.109994
0.128909
0.119847
0.105180
0.110987
0.119644
0.129787
0.106196
0.117583
0.130229
0.115059
0.136514
0.117613
0.119947
0.127486
0.103373
0.112189
0.117663
0.119557
0.113216
0.118405
0.114285
0.108996
0.132571
0.112330
0.110885
0.114382
0.118761
0.113645
0.407765
0.202341
0.145367
0.109503
0.119094
0.133134
0.109167
0.165332
0.130435
0.102578
0.116396
0.110699
0.111426
0.115060
0.117191
0.177449
0.117645
0.117959
0.108117
0.103997
0.117568
0.127234
0.108954
0.107198
0.127551
0.111169
0.113872
0.112474
0.118927
0.122134
0.148569
0.170977
0.127024
0.121276
0.227088
0.124431
0.124227
0.138080
0.143765
0.189918
0.212730
0.113989
0.209813
0.129780
0.109152
0.114672
0.113092
0.112035
0.129619
0.123532
0.124640
0.111083
0.108727
0.115955
0.102523
0.110956
0.102417
0.125320
0.111630
0.101921
0.113617
0.132291
0.109638
0.110839
0.123446
0.128229
0.107119
0.117820
0.132102
0.114216
0.106959
0.110763
0.113527
0.123256
0.110807
0.109867
0.126292
0.179533
0.189915
0.137584
0.131210
0.140946
0.129104
0.156209
0.124838
0.152271
0.115549
0.113104
0.105896
0.100950
0.122882
0.114570
0.130410
0.116575
0.105269
0.112231
0.133457
0.111858
0.108606
0.114092
0.111894
0.119120
0.134647
0.113663
0.110105
0.110039
0.109438
0.111716
0.111680
0.118770
0.117038
0.110798
0.125238
0.118394
0.121368
0.110490
0.116987
0.124626
0.113884
0.115950
0.155740
0.121292
0.113941
0.117443
0.117541
0.130063
0.115349
0.111110
0.123132
0.114235
0.110811
0.111971
0.122450
0.125302
0.107057
0.112384
0.107707
0.112605
0.120368
0.111078
0.107052
0.127420
0.107057
0.115236
0.115400
0.113019
0.118364
0.110777
0.110404
0.123139
0.112851
0.111193
0.123593
0.130688
0.129764
0.174238
0.192463
0.180827
0.188063
0.142835
0.139101
0.157707
0.205052
0.165329
0.133328
0.243895
0.158357
0.121183
0.136855
0.115320
0.121818
0.124063
0.132946
0.112243
0.127917
0.112770
0.115555
0.114799
0.115536
0.127610
0.124483
0.119627
0.112191
0.113105
0.124925
0.123675
0.108885
0.113264
0.114344
0.117033
0.153867
0.121035
0.118809
0.122861
0.210468
0.143453
0.157287
0.137195
0.133626
0.198166
0.162794
0.187308
0.186371
0.139959
0.122896
0.145341
0.203703
0.124294
0.115791
0.111970
0.112477
0.113780
0.114307
0.111810
0.108094
0.117042
0.113263
0.122141
0.129395
0.109447
0.104907
0.123807
0.114057
0.129868
0.120444
0.113289
0.107224
0.119353
0.117459
0.109935
0.123071
0.112454
0.142326
0.125875
0.128459
0.157352
0.197395
0.205553
0.144135
0.120623
0.213920
0.198932
0.163806
0.146325
0.121929
0.117199
0.130435
0.138716
0.115737
0.139507
0.134753
0.127170
0.133765
0.115860
0.112464
0.108535
0.102250
0.138169
0.116508
0.116653
0.121334
0.133733
0.109211
0.112753
0.105347
0.130900
0.111423
0.114424
0.118117
0.110371
0.120854
0.115177
0.145874
0.137137
0.127246
0.202404
0.196748
0.177927
0.173902
0.124618
0.200828
0.117067
0.130086
0.125036
0.109689
0.114385
0.133813
0.334789
0.120326
0.113185
0.132530
0.133683
0.125049
0.122779
0.116675
0.110620
0.114475
0.126986
0.104596
0.113938
0.109212
0.113534
0.134868
0.109307
0.112189
0.107988
0.117086
0.104700
0.116107
0.109578
0.105941
0.103741
0.115537
0.131490
0.129997
0.141151
0.110551
0.136054
0.122527
0.115313
0.112394
0.105114
0.104652
0.114339
0.113550
0.109799
0.121470
0.115661
0.124541
0.110855
0.113933
0.109873
0.119642
0.107487
0.112736
0.112277
0.144094
0.119947
0.113808
0.116638
0.103750
0.131511
0.114376
0.109088
0.107686
0.109336
0.132435
0.115390
0.119049
0.113093
0.103306
0.129138
0.114470
0.112537
0.120847
0.122076
0.187147
0.210634
0.139632
0.123858
0.120915
0.121109
0.118038
0.117798
0.132966
0.120789
0.134637
0.125388
0.121470
0.107907
0.114847
0.145499
0.130696
0.106539
0.117405
0.115122
0.118967
0.121653
0.116113
0.116177
0.114790
0.106184
0.124622
0.142794
0.124912
0.113297
0.124412
0.144080
0.120428
0.384680
0.275783
0.160864
0.171578
0.122465
0.205547
0.126581
0.130175
0.178233
0.218258
0.164452
0.130813
0.178492
0.152354
0.109505
0.114479
0.147157
0.113221
0.115881
0.140436
0.131698
0.132428
0.126867
0.133797
0.126167
0.105977
0.113167
0.115987
0.127789
0.130699
0.110956
0.114542
0.115707
0.110721
0.118607
0.105449
0.100516
0.105441
0.117010
0.111266
0.118134
0.116080
0.108429
0.115847
0.111026
0.168028
0.132803
0.137445
0.131273
0.120283
0.131345
0.130168
0.111825
0.117172
0.117604
0.110314
0.114138
0.131433
0.114852
0.109924
0.126099
0.126709
0.112201
0.112077
0.111445
0.123643
0.119490
0.110345
0.106477
0.112852
0.121210
0.109487
0.130647
0.106789
0.116602
0.111346
0.111389
0.114597
0.105600
0.125638
0.118219
0.131998
0.134855
0.121742
0.132062
0.136048
0.128034
0.124546
0.127496
0.118795
0.143020
0.149381
0.128500
0.123712
0.128684
0.139361
0.122742
0.126722
0.116666
0.107005
0.132201
0.117410
0.113775
0.108720
0.134750
0.111506
0.125262
0.114220
0.121984
0.109460
0.138100
0.119617
0.136281
0.124190
0.115542
0.115768
0.133181
0.130500
0.121697
0.115123
0.119244
0.113793
0.106343
0.109244
0.115683
0.115220
0.125389
0.118575
0.098872
0.116335
0.132580
0.125793
0.139203
0.121820
0.128006
0.154762
0.124048
0.120469
0.119543
0.117863
0.119501
0.118864
0.112928
0.112512
0.114925
0.120395
0.117409
0.117918
0.111252
0.130843
0.111848
0.118904
0.118210
0.111861
0.115130
0.125069
0.133217
0.110683
0.122468
0.116594
0.162197
0.115346
0.122397
0.114207
0.130848
0.119417
0.120550
0.135729
0.118997
0.124266
0.114446
0.117644
0.103828
0.121163
0.129797
0.123568
0.115894
0.147033
0.114272
0.118583
0.113921
0.126877
0.104448
0.105270
0.111131
0.117072
0.115109
0.104707
0.124257
0.103566
0.115812
0.115882
0.112838
0.111821
0.114817
0.147967
0.115888
0.114429
0.161050
0.108576
0.148086
0.136164
0.116410
0.127701
0.118327
0.131828
0.109976
0.113491
0.122357
0.125181
0.111874
0.121316
0.143288
0.135031
0.152475
0.129713
0.133640
0.196619
0.131348
0.188908
0.164317
0.198996
0.131766
0.135872
0.205688
0.150935
0.116212
0.136837
0.114105
0.117307
0.103606
0.117442
0.122189
0.116285
0.111113
0.110162
0.132890
0.115800
0.133129
0.118396
0.127490
0.123565
0.124687
0.105388
0.114805
0.126416
0.119683
0.127007
0.105562
0.117806
0.109753
0.123395
0.118838
0.123576
0.130502
0.117062
0.128017
0.147724
0.130019
0.134287
0.135727
0.126377
0.123742
0.116556
0.110628
0.142465
0.120544
0.142889
0.114311
0.117176
0.110668
0.127515
0.114638
0.120356
0.114703
0.117516
0.108505
0.114721
0.113319
0.177461
0.182565
0.171127
0.206733
0.187590
0.239743
0.207848
0.159145
0.164002
0.226478
0.205531
0.186123
0.231779
0.203876
0.128750
0.136321
0.175677
0.113804
0.130134
0.131785
0.113414
0.112283
0.111480
0.131952
0.112009
0.114451
0.106708
0.112642
0.121979
0.112174
0.112178
0.120570
0.112875
0.110446
0.121543
0.104998
0.105519
0.105355
0.126365
0.116281
0.106570
0.134745
0.143281
0.122849
0.115549
0.129512
0.118504
0.137920
0.136060
0.118348
0.120411
0.107572
0.123721
0.107541
0.114599
0.128877
0.142839
0.151410
0.179904
0.147959
0.119953
0.158052
0.135700
0.204405
0.192240
0.164526
0.117160
0.113137
0.120303
0.109490
0.108073
0.113221
0.119357
0.114653
0.119933
0.113150
0.100040
0.126679
0.113066
0.120440
0.108663
0.113102
0.109579
0.111826
0.111753
0.121524
0.146463
0.123202
0.114105
0.121112
0.116432
0.114962
0.140174
0.116941
0.124574
0.108880
0.127326
0.161361
0.149191
0.142762
0.122872
0.120529
0.114755
0.118401
0.104479
0.116374
0.120419
0.152816
0.107518
0.111696
0.116193
0.114429
0.114797
0.135098
0.108113
0.561022
0.208807
0.122436
0.122731
0.121365
0.138954
0.128596
0.116277
0.129992
0.112337
0.118465
0.132802
0.110290
0.122366
0.118111
0.120080
0.128193
0.113351
0.123934
0.119908
0.128305
0.121708
0.195361
0.173231
0.178012
0.201531
0.155721
0.183025
0.157869
0.197587
0.118248
0.124027
0.117616
0.126494
0.129700
0.127590
0.122323
0.124487
0.144712
0.136906
0.143073
0.118951
0.121236
0.129459
0.118028
0.111126
0.111013
0.117307
0.116390
0.110909
0.113935
0.122571
0.114305
0.118780
0.134056
0.128678
0.111794
0.114128
0.122999
0.110715
0.160058
0.177141
0.158400
0.161563
0.131941
0.123441
0.120166
0.275071
0.167517
0.163877
0.153370
0.183909
0.121524
0.116690
0.111134
0.119937
0.111587
0.111280
0.108334
0.100224
0.137452
0.108502
0.108353
0.126698
0.113925
0.111109
0.122822
0.122969
0.139315
0.119852
0.114585
0.117940
0.122585
0.112183
0.127114
0.115342
0.109321
0.131537
0.113244
0.130089
0.128501
0.178250
0.163004
0.149927
0.123226
0.124322
0.179128
0.180979
0.219109
0.126644
0.146630
0.111720
0.127487
0.114614
0.115188
0.119124
0.128637
0.125332
0.116348
0.109347
0.116481
0.116047
0.114049
0.114270
0.116592
0.131332
0.111914
0.113673
0.111752
0.105625
0.114468
0.118916
0.111722
0.113049
0.112270
0.122300
0.119233
0.134704
0.120562
0.162908
0.183962
0.126244
0.205024
0.141574
0.164324
0.143248
0.400969
0.350094
0.152893
0.178357
0.160379
0.113480
0.125779
0.114991
0.164525
0.153198
0.130739
0.158445
0.172351
0.126009
0.168415
0.196747
0.188698
0.165252
0.137449
0.139293
0.108049
0.112183
0.108808
0.139987
0.128874
0.193133
0.145104
0.187121
0.132226
0.216902
0.188467
0.135892
0.181548
0.165650
0.159324
0.228074
0.224725
0.212866
0.213544
0.191748
0.131450
0.184231
0.120331
0.125417
0.127443
0.116597
0.111294
0.121168
0.120814
0.112123
0.118338
0.111822
0.116492
0.116733
0.115442
0.113432
0.170276
0.119530
0.114598
0.153221
0.150885
0.127179
0.140203
0.129139
0.143852
0.127085
0.125922
0.114058
0.115165
0.116425
0.149689
0.130308
0.119030
0.138509
0.112958
0.119381
0.126164
0.118317
0.129524
0.118022
0.117926
0.121638
0.120353
0.119839
0.147585
0.128442
0.121132
0.117613
0.126324
0.144951
0.132324
0.124637
0.131770
0.116370
0.130212
0.110722
0.121876
0.133957
0.115138
0.120031
0.132352
0.137250
0.147327
0.133175
0.144701
0.117248
0.123891
0.125967
0.113910
0.125949
0.127434
0.129803
0.147391
0.130674
0.118426
0.111552
0.109900
0.118773
0.113106
0.118073
0.107475
0.109357
0.116414
0.111535
0.124850
0.117869
0.119870
0.116225
0.115540
0.115020
0.129065
0.117688
0.110029
0.112506
0.111204
0.122120
0.120488
0.131890
0.124977
0.113322
0.126876
0.109597
0.120811
0.116103
0.124368
0.140217
0.153739
0.124866
0.113874
0.113995
0.117658
0.132308
0.154949
0.124558
0.110700
0.103711
0.105249
0.119866
0.113679
0.116389
0.112234
0.106948
0.113575
0.130185
0.111584
0.116744
0.133718
0.122228
0.110534
0.116617
0.113152
0.120813
0.121713
0.116084
0.113407
0.117726
0.115140
0.112813
0.129721
0.108407
0.116608
0.118727
0.104557
0.122757
0.117399
0.126228
0.114001
0.122919
0.147884
0.122371
0.129692
0.163324
0.155783
0.147235
0.129096
0.199617
0.124604
0.128738
0.230586
0.164890
0.186087
0.146634
0.121773
0.147144
0.139802
0.115134
0.111934
0.143774
0.121661
0.116879
0.107829
0.143896
0.111411
0.108046
0.114794
0.117192
0.117955
0.109841
0.119512
0.119048
0.132876
0.109814
0.113359
0.119698
0.124404
0.139961
0.131387
0.163119
0.165683
0.131974
0.110353
0.123654
0.130025
0.142718
0.121259
0.116307
0.133606
0.115622
0.312592
0.393612
0.142040
0.152862
0.142138
0.143349
0.120191
0.110996
0.111856
0.118988
0.120171
0.110029
0.123893
0.126344
0.125909
0.109802
0.134137
0.123995
0.125534
0.131139
0.111444
0.150206
0.119995
0.108691
0.110092
0.113842
0.140254
0.127397
0.124417
0.124560
0.196501
0.158454
0.202113
0.161424
0.160411
0.193609
0.112993
0.135457
0.134219
0.115315
0.108943
0.117112
0.106229
0.118463
0.118680
0.112737
0.123705
0.122445
0.128522
0.133274
0.116667
0.110934
0.129224
0.118599
0.117939
0.110856
0.123424
0.128507
0.118768
0.118777
0.121631
0.128649
0.124274
0.114999
0.134133
0.154864
0.156870
0.131156
0.143977
0.150186
0.124934
0.112866
0.117629
0.123223
0.133014
0.118614
0.137656
0.118785
0.119401
0.119271
0.141959
0.126328
0.108481
0.142301
0.119303
0.132981
0.119094
0.141372
0.118569
0.138313
0.118326
0.122282
0.116382
0.115873
0.111729
0.118713
0.126029
0.121768
0.139301
0.114065
0.120951
0.110778
0.119865
0.121325
0.113898
0.109434
0.119789
0.154125
0.127170
0.149549
0.120189
0.118345
0.128509
0.120697
0.122899
0.123347
0.109476
0.124951
0.112694
0.124431
0.129436
0.119072
0.133129
0.114512
0.120464
0.116850
0.114364
0.115657
0.111679
0.115112
0.122305
0.115813
0.139095
0.118120
0.117334
0.115779
0.119385
0.109674
0.119517
0.119804
0.117213
0.127704
0.137359
0.114724
0.118370
0.110987
0.124181
0.113214
0.113675
0.109130
0.117914
0.126944
0.118282
0.125254
0.108733
0.112922
0.111976
0.115245
0.115689
0.108478
0.110960
0.121487
0.112278
0.108339
0.104954
0.102046
0.103505
0.111361
0.111028
0.115703
0.123548
0.114695
0.113276
0.110031
0.132241
0.118535
0.110425
0.114393
0.112141
0.113282
0.131075
0.122970
0.113710
0.110058
0.148878
0.118588
0.121156
0.119117
0.132241
0.133849
0.116638
0.136937
0.123505
0.159149
0.118702
0.114366
0.151887
0.112426
0.122154
0.131542
0.120863
0.112239
0.125074
0.123437
0.134063
0.135613
0.116749
0.121916
0.105079
0.118547
0.108677
0.104144
0.131535
0.141256
0.105404
0.115217
0.107301
0.115495
0.112295
0.113134
0.116472
0.127852
0.106632
0.124889
0.112038
0.115207
0.106330
0.118226
0.148656
0.120143
0.130628
0.119395
0.138360
0.125957
0.143562
0.173806
0.209873
0.196734
0.170817
0.166389
0.126417
0.141949
0.125865
0.112401
0.122762
0.120513
0.185021
0.143099
0.118635
0.109418
0.179302
0.188326
0.146617
0.181546
0.178169
0.192026
0.170512
0.166876
0.189818
0.159563
0.233642
0.170419
0.195093
0.213000
0.169832
0.142273
0.188896
0.156698
0.144785
0.189044
0.164031
0.148349
0.137379
0.151355
0.176918
0.188369
0.188166
0.212283
0.141834
0.124198
0.154124
0.170784
0.168982
0.156927
0.163806
0.167407
0.187344
0.133551
0.179373
0.152028
0.130656
0.128784
0.148383
0.161885
0.175460
0.237149
0.151019
0.212178
0.152574
0.204216
0.132041
0.157240
0.156767
0.166559
0.158004
0.145753
0.153331
0.203464
0.193463
0.164946
0.139121
0.145527
0.190552
0.142405
0.165803
0.216323
0.190217
0.184174
0.134631
0.216102
0.191760
0.152889
0.190650
0.143128
0.160889
0.155039
0.187102
0.193443
0.174272
0.153156
0.151391
0.146248
0.167821
0.172941
0.175934
0.174607
0.191952
0.185909
0.175964
0.171861
0.157812
0.181573
0.176758
0.164682
0.166910
0.190252
0.173987
0.171302
0.185070
0.192257
0.154811
0.155278
0.157933
0.139033
0.156187
0.167846
0.146118
0.139515
0.146239
0.140441
0.163121
0.172817
0.154704
0.173988
0.207953
0.164983
0.165962
0.184296
0.131231
0.164335
0.158600
0.169775
0.178933
0.177728
0.135605
0.147374
0.140481
0.154944
0.143636
0.149192
0.142555
0.129626
0.135939
0.144918
0.139900
0.130841
0.129218
0.120961
0.118596
0.114285
0.112984
0.128296
0.119224
0.117139
0.119873
0.111269
0.128722
0.113894
0.140787
0.115667
0.124840
0.137645
0.120413
0.118528
0.469351
0.208891
0.135644
0.117986
0.127713
0.123490
0.135215
0.119778
0.115065
0.111009
0.136927
0.120336
0.479105
0.236424
0.123808
0.163255
0.118088
0.118449
0.132874
0.102604
0.117037
0.106480
0.132503
0.112925
0.110544
0.119461
0.114440
0.115346
0.119763
0.109360
0.113735
0.130841
0.127347
0.149955
0.115791
0.108891
0.119091
0.119804
0.109834
0.118524
0.113801
0.110756
0.115749
0.103048
0.114142
0.125046
0.118093
0.112652
0.129864
0.114538
0.113184
0.119153
0.116807
0.107134
0.115638
0.117665
0.118310
0.109462
0.109281
0.114616
0.113216
0.114874
0.109249
0.113806
0.109906
0.133612
0.126308
0.110263
0.142530
0.111534
0.112618
0.116061
0.113050
0.119095
0.139410
0.115159
0.113866
0.099004
0.114735
0.114149
0.107563
0.140467
0.110335
0.113881
0.111936
0.108887
0.117025
0.112628
0.102574
0.110185
0.126134
0.118939
0.131911
0.111729
0.119803
0.137564
0.129790
0.130594
0.134898
0.178845
0.154374
0.142663
0.115761
0.114486
0.122797
0.142395
0.127910
0.124154
0.116992
0.109318
0.120041
0.111942
0.111370
0.115107
0.110839
0.115157
0.124067
0.116933
0.132191
0.115457
0.129698
0.135196
0.120543
0.115607
0.119009
0.114253
0.111417
0.144993
0.117054
0.115367
0.114058
0.119188
0.115917
0.118840
0.119254
0.126436
0.112818
0.115582
0.126837
0.121757
0.124806
0.113329
0.114095
0.136652
0.125038
0.117648
0.117574
0.121051
0.115386
0.120148
0.112943
0.113537
0.112099
0.107573
0.106929
0.122447
0.102237
0.109588
0.118394
0.111192
0.108218
0.108071
0.116157
0.116569
0.116497
0.112568
0.113461
0.106062
0.113736
0.123873
0.110672
0.107650
0.141435
0.127778
0.116265
0.113388
0.150818
0.110806
0.120850
0.113131
0.113348
0.122129
0.099712
0.114832
0.107750
0.117380
0.136087
0.109859
0.102550
0.104273
0.104433
0.120693
0.114131
0.107968
0.111916
0.113830
0.110584
0.131698
0.115776
0.111145
0.129988
0.112305
0.109635
0.117340
0.116663
0.112469
0.113928
0.129280
0.125240
0.131017
0.109994
0.115865
0.110389
0.115093
0.126020
0.111173
0.114556
0.118751
0.121820
0.113237
0.115712
0.123451
0.111143
0.114588
0.137002
0.126045
0.113716
0.111095
0.118992
0.122157
0.128393
0.113877
0.114000
0.122157
0.110953
0.112890
0.110381
0.109177
0.105798
0.118235
0.135701
0.117980
0.105915
0.118404
0.108839
0.104066
0.110835
0.114574
0.112065
0.116012
0.113041
0.111526
0.121094
0.118232
0.112478
0.114796
0.109686
0.112128
0.110695
0.161555
0.111923
0.109995
0.107690
0.115756
0.107464
0.102861
0.122535
0.112659
0.112224
0.110516
0.126223
0.116077
0.118131
0.113928
0.107536
0.121635
0.108091
0.111190
0.112323
0.105955
0.101360
0.111936
0.116868
0.112128
0.120286
0.107289
0.102718
0.108702
0.108381
0.116363
0.111558
0.121211
0.105836
0.106009
0.141711
0.114285
0.123979
0.104426
0.113426
0.123376
0.107100
0.111223
0.108440
0.118538
0.104973
0.127309
0.113078
0.112694
0.109734
0.132034
0.129221
0.121579
0.114501
0.118662
0.118950
0.114275
0.107741
0.110929
0.117094
0.130849
0.125756
0.112831
0.119669
0.114449
0.114096
0.122517
0.110457
0.115064
0.111977
0.121186
0.117902
0.118332
0.116249
0.130960
0.125501
0.127289
0.120317
0.114215
0.124941
0.129973
0.150559
0.120321
0.127470
0.114224
0.112711
0.120181
0.142931
0.204802
0.189997
0.158997
0.233962
0.179607
0.179666
0.190963
0.164913
0.146868
0.212896
0.159631
0.167847
0.123843
0.147456
0.156253
0.156573
0.121687
0.129509
0.156859
0.116532
0.122660
0.125147
0.118273
0.119415
0.111413
0.110385
0.118406
0.117802
0.111780
0.109863
0.112580
0.129685
0.109204
0.114454
0.148574
0.119391
0.110946
0.110088
0.117447
0.115395
0.107372
0.123750
0.113680
0.115199
0.116164
0.121043
0.114572
0.108067
0.102287
0.116859
0.109026
0.110329
0.119614
0.115261
0.110615
0.110277
0.109349
0.107106
0.108103
0.107396
0.102788
0.112513
0.099529
0.114490
0.111853
0.118977
0.112139
0.121626
0.108408
0.109018
0.119757
0.119194
0.109831
0.113118
0.106169
0.111488
0.111442
0.107195
0.130452
0.130565
0.105138
0.474010
0.127663
0.125158
0.147090
0.171313
0.170672
0.131730
0.127970
0.153385
0.198838
0.148605
0.133021
0.162321
0.117476
0.149727
0.124677
0.114761
0.133938
0.117629
0.122541
0.133054
0.115670
0.137043
0.112779
0.112885
0.125252
0.137068
0.112122
0.108910
0.115958
0.130363
0.107126
0.127061
0.109755
0.114439
0.122671
0.116062
0.117705
0.120411
0.123139
0.114794
0.114016
0.110162
0.109478
0.116756
0.109922
0.116545
0.115909
0.109835
0.134817
0.144373
0.117075
0.117334
0.131018
0.133922
0.118963
0.125080
0.141949
0.126655
0.126238
0.117827
0.114356
0.115338
0.147306
0.116616
0.122826
0.136620
0.115717
0.125138
0.114099
0.117850
0.113919
0.139668
0.119781
0.110416
0.112080
0.115978
0.115675
0.116849
0.109694
0.122352
0.117218
0.105470
0.114754
0.106935
0.116733
0.118695
0.113296
0.122460
0.119103
0.115516
0.112964
0.147662
0.125749
0.117884
0.120012
0.137056
0.116774
0.205000
0.132735
0.173369
0.170686
0.162883
0.188445
0.113940
0.124601
0.116654
0.122759
0.108353
0.113252
0.113270
0.114346
0.121451
0.108067
0.131741
0.120219
0.152733
0.116274
0.113849
0.122402
0.120669
0.115872
0.122827
0.116590
0.147129
0.131067
0.146888
0.120163
0.137882
0.132700
0.125355
0.120926
0.121391
0.112838
0.117722
0.114438
0.129048
0.115802
0.107190
0.123806
0.132644
0.139322
0.115366
0.142620
0.118072
0.112020
0.119949
0.111736
0.123611
0.119599
0.113013
0.124512
0.121607
0.117648
0.120669
0.133643
0.111147
0.112872
0.111472
0.103518
0.108550
0.115889
0.113654
0.113484
0.116543
0.118948
0.122589
0.115438
0.110498
0.125592
0.108872
0.124203
0.115128
0.118159
0.149032
0.112423
0.118033
0.123691
0.109498
0.165319
0.124360
0.131927
0.123006
0.131669
0.119517
0.131645
0.114453
0.151645
0.126132
0.116204
0.115254
0.119751
0.132211
0.128421
0.122593
0.137876
0.111277
0.122512
0.129727
0.115729
0.119144
0.139717
0.190640
0.126126
0.117958
0.120598
0.125215
0.140775
0.112841
0.136042
0.190605
0.128259
0.124557
0.113406
0.118127
0.111463
0.135119
0.125626
0.333915
0.151482
0.122077
0.130617
0.117882
0.109402
0.112703
0.119928
0.120063
0.125296
0.129301
0.114119
0.111536
0.115783
0.112403
0.131747
0.110638
0.108160
0.123851
0.124785
0.125481
0.116571
0.133725
0.125764
0.130110
0.121873
0.119755
0.106184
0.114995
0.133285
0.121653
0.126864
0.105315
0.139888
0.121100
0.111932
0.115606
0.115057
0.116373
0.121885
0.110029
0.112104
0.108057
0.113124
0.113843
0.138603
0.113021
0.138038
0.139892
0.129720
0.163051
0.137230
0.160195
0.215597
0.146058
0.210851
0.122469
0.164902
0.136231
0.121044
0.245348
0.165934
0.173477
0.128614
0.188537
0.151350
0.123164
0.119956
0.212414
0.218778
0.133303
0.171033
0.151675
0.167676
0.164689
0.169241
0.136011
0.121242
0.129684
0.129501
0.134337
0.136283
0.117163
0.113402
0.116669
0.145548
0.117796
0.134847
0.108987
0.113681
0.125116
0.113421
0.122245
0.107028
0.169771
0.123068
0.145842
0.193193
0.163222
0.115337
0.151105
0.153998
0.137334
0.203188
0.115189
0.117722
0.111284
0.134123
0.128475
0.124802
0.110846
0.109661
0.132246
0.113023
0.122849
0.129927
0.118770
0.110752
0.110656
0.106797
0.111080
0.115367
0.111872
0.110430
0.116868
0.114187
0.110335
0.123541
0.116345
0.113047
0.114295
0.122273
0.117097
0.117092
0.123954
0.120836
0.148114
0.114885
0.109884
0.116911
0.138635
0.105779
0.131059
0.114890
0.112132
0.113579
0.108709
0.112010
0.120565
0.136926
0.116857
0.105169
0.108941
0.113882
0.127359
0.114109
0.133669
0.122015
0.143065
0.145408
0.116192
0.106353
0.127095
0.114822
0.139296
0.115451
0.133501
0.114043
0.103927
0.109443
0.108626
0.123422
0.114409
0.109855
0.104405
0.115058
0.107534
0.108897
0.137379
0.117139
0.111412
0.113346
0.131687
0.131837
0.108500
0.130158
0.111673
0.485106
0.134110
0.152052
0.121117
0.118559
0.123389
0.151022
0.109133
0.115169
0.158582
0.119072
0.109800
0.119456
0.113365
0.119620
0.116067
0.106038
0.106681
0.110997
0.117579
0.113993
0.116923
0.131231
0.112986
0.120497
0.113821
0.127094
0.114290
0.135169
0.114349
0.116464
0.131289
0.118286
0.173187
0.200689
0.170721
0.209563
0.158343
0.165430
0.220229
0.137927
0.154908
0.133597
0.126145
0.208754
0.172828
0.143390
0.120171
0.125668
0.126117
0.118113
0.119061
0.139059
0.120718
0.150060
0.124204
0.129990
0.180457
0.122183
0.130523
0.124318
0.151760
0.121010
0.151973
0.117356
0.111226
0.132194
0.130978
0.115731
0.135967
0.111922
0.112635
0.115234
0.118556
0.119769
0.146593
0.118640
0.121396
0.140695
0.130693
0.136038
0.122742
0.137954
0.127277
0.123452
0.125366
0.152743
0.199177
0.192651
0.115736
0.119455
0.137664
0.148712
0.205621
0.122918
0.121298
0.139628
0.123548
0.119226
0.127685
0.119359
0.101364
0.132922
0.116087
0.139165
0.117460
0.132566
0.115991
0.127128
0.117261
0.120540
0.125670
0.117009
0.109079
0.115977
0.113624
0.115301
0.143490
0.112343
0.120164
0.115044
0.119552
0.123193
0.106965
0.101658
0.109509
0.118183
0.105825
0.113728
0.115860
0.114024
0.102979
0.111564
0.118063
0.110576
0.133312
0.109978
0.119138
0.119711
0.114187
0.106393
0.113648
0.133794
0.112356
0.124924
0.113303
0.106577
0.126722
0.105879
0.103956
0.133351
0.106654
0.102305
0.107685
0.112181
0.120763
0.111940
0.114795
0.106214
0.121518
0.112713
0.105882
0.112332
0.102732
0.114367
0.112332
0.108691
0.112394
0.121369
0.114384
0.115854
0.105659
0.109279
0.113570
0.110792
0.106132
0.142654
0.112375
0.120827
0.123130
0.136062
0.123894
0.135873
0.111070
0.123120
0.110732
0.124958
0.116787
0.119868
0.126518
0.124249
0.110885
0.109979
0.103386
0.139476
0.112424
0.113699
0.119685
0.116402
0.106169
0.102471
0.114934
0.114026
0.116503
0.120109
0.117808
0.107980
0.108712
0.112381
0.112929
0.117892
0.129434
0.125989
0.115955
0.189302
0.204327
0.151208
0.142166
0.134684
0.157943
0.149073
0.170277
0.137791
0.128647
0.108393
0.109549
0.128494
0.119763
0.126323
0.127375
0.118424
0.109542
0.114161
0.114985
0.109633
0.115087
0.113387
0.109616
0.110347
0.109635
0.112064
0.116749
0.116728
0.110943
0.112318
0.105689
0.122431
0.118765
0.128906
0.126819
0.106569
0.108717
0.108142
0.103149
0.111703
0.118388
0.187688
0.194031
0.175309
0.158470
0.124798
0.128940
0.200442
0.157855
0.204943
0.186133
0.163991
0.122736
0.157506
0.175115
0.146321
0.123167
0.119874
0.134886
0.122940
0.121222
0.120270
0.127833
0.125786
0.128838
0.167344
0.118320
0.119976
0.130324
0.114785
0.113489
0.115153
0.115909
0.134724
0.115482
0.117718
0.123593
0.133074
0.122058
0.124018
0.136772
0.149355
0.164658
0.123033
0.221175
0.217308
0.152568
0.155456
0.202559
0.109423
0.115977
0.117858
0.119151
0.136561
0.124044
0.122540
0.117221
0.113961
0.116475
0.119188
0.116935
0.116210
0.116488
0.112589
0.140097
0.120137
0.111831
0.115703
0.115165
0.116780
0.119523
0.127825
0.111725
0.111491
0.114072
0.125512
0.118851
0.108479
0.116587
0.115241
0.116228
0.132964
0.116444
0.137486
0.113541
0.114299
0.118841
0.120082
0.113988
0.116086
0.117378
0.123569
0.116196
0.116782
0.133819
0.118080
0.144172
0.109218
0.116420
0.121394
0.129941
0.127431
0.115037
0.123126
0.119255
0.113895
0.112950
0.109384
0.118947
0.119893
0.111947
0.124959
0.124098
0.107981
0.135933
0.127101
0.152791
0.154595
0.119424
0.118779
0.112673
0.111384
0.121080
0.111681
0.130582
0.115295
0.122715
0.124383
0.131252
0.109250
0.114200
0.117156
0.113872
0.141001
0.122582
0.116999
0.116930
0.114742
0.118130
0.118972
0.114606
0.298156
0.376392
0.116155
0.132392
0.116613
0.114965
0.151179
0.132815
0.121008
0.110379
0.117953
0.128397
0.109308
0.111273
0.127446
0.109949
0.135491
0.129121
0.151659
0.137696
0.154278
0.126829
0.130471
0.129769
0.130581
0.129438
0.132981
0.118598
0.111941
0.115651
0.118255
0.119276
0.120184
0.116975
0.136369
0.119242
0.109336
0.115822
0.118641
0.115262
0.113123
0.110080
0.112336
0.111991
0.111379
0.112877
0.134088
0.109581
0.106549
0.106745
0.138503
0.119164
0.117175
0.396241
0.134575
0.115203
0.122944
0.125030
0.136236
0.122756
0.120203
0.119863
0.114975
0.109594
0.119293
0.118748
0.118906
0.128283
0.126610
0.119617
0.133943
0.119477
0.127534
0.128889
0.129174
0.136735
0.117449
0.115504
0.144531
0.120594
0.140615
0.106458
0.114373
0.118721
0.113311
0.111599
0.121322
0.112633
0.118393
0.113650
0.112454
0.113186
0.131382
0.111693
0.118706
0.136082
0.118583
0.110923
0.118848
0.143996
0.107957
0.118280
0.112331
0.129425
0.116088
0.112528
0.125359
0.122427
0.117613
0.112717
0.117461
0.112196
0.115655
0.140653
0.116545
0.114143
0.124954
0.119579
0.120871
0.133642
0.134061
0.118103
0.111479
0.121834
0.112092
0.122942
0.119188
0.118290
0.118696
0.135703
0.115060
0.131907
0.120901
0.141373
0.129933
0.128387
0.112286
0.119791
0.130988
0.137688
0.131657
0.120635
0.124880
0.124357
0.118820
0.114059
0.123054
0.131074
0.120093
0.117693
0.133337
0.123028
0.128431
0.130821
0.112054
0.124112
0.118431
0.112570
0.122885
0.111717
0.122508
0.183756
0.192976
0.157201
0.200209
0.184344
0.175493
0.200420
0.242428
0.132414
0.180970
0.177854
0.130815
0.114979
0.123601
0.127643
0.133045
0.113052
0.118198
0.132889
0.138249
0.122649
0.120198
0.123421
0.117854
0.134925
0.137836
0.115060
0.128290
0.129151
0.118700
0.113219
0.116385
0.127775
0.114598
0.130787
0.119324
0.112152
0.130583
0.108401
0.131102
0.117621
0.121988
0.119958
0.115750
0.109381
0.134931
0.105437
0.116195
0.130223
0.128936
0.117319
0.129972
0.111161
0.124885
0.129789
0.143578
0.123062
0.132653
0.117734
0.121051
0.116930
0.122366
0.115127
0.159466
0.162297
0.192575
0.186487
0.161493
0.130833
0.130788
0.127844
0.204946
0.144302
0.172447
0.123122
0.167782
0.129866
0.162273
0.141187
0.131385
0.144838
0.158096
0.168163
0.195718
0.181219
0.183749
0.189186
0.188892
0.116768
0.187976
0.125587
0.159723
0.168541
0.164176
0.176864
0.158215
0.120663
0.142812
0.129587
0.125320
0.123422
0.118695
0.126737
0.141785
0.115499
0.131033
0.123821
0.119573
0.121188
0.124661
0.176084
0.121089
0.123860
0.116402
0.118955
0.128117
0.124536
0.120121
0.133679
0.119027
0.114750
0.123486
0.121613
0.119550
0.121109
0.102998
0.129760
0.158423
0.122654
0.111702
0.113526
0.114107
0.111618
0.157524
0.113063
0.132067
0.111388
0.113274
0.108816
0.113404
0.124436
0.107332
0.110028
0.129898
0.101287
0.114830
0.099230
0.113820
0.116076
0.106962
0.128462
0.120406
0.125716
0.108962
0.123104
0.119768
0.117664
0.111455
0.127683
0.123717
0.111963
0.129658
0.106555
0.116494
0.116984
0.113815
0.112355
0.129201
0.112197
0.119557
0.123165
0.115936
0.114944
0.119417
0.124112
0.113229
0.122574
0.136946
0.134894
0.116168
0.120283
0.126347
0.124937
0.126526
0.130043
0.143982
0.115419
0.131361
0.120715
0.112490
0.117068
0.138631
0.114159
0.106031
0.111555
0.111802
0.137184
0.123507
0.117401
0.115058
0.120092
0.133816
0.110591
0.110698
0.111895
0.111397
0.131415
0.108377
0.110354
0.124313
0.128325
0.120580
0.118516
0.137394
0.112945
0.128321
0.122859
0.126583
0.120223
0.112679
0.114514
0.115772
0.126040
0.119596
0.116263
0.116710
0.106775
0.109625
0.115575
0.114279
0.112965
0.109134
0.122615
0.117161
0.152222
0.118942
0.116616
0.111955
0.149375
0.144168
0.123823
0.169785
0.185957
0.115037
0.184638
0.150615
0.154832
0.167436
0.157266
0.119319
0.124605
0.110909
0.121467
0.145180
0.136593
0.118727
0.118178
0.123426
0.119120
0.138698
0.337565
0.267942
0.117729
0.111975
0.119402
0.111308
0.131114
0.121763
0.120460
0.110765
0.101967
0.107783
0.132650
0.117358
0.110764
0.112163
0.111659
0.128355
0.116498
0.106076
0.119041
0.112540
0.116520
0.111165
0.138475
0.127570
0.110727
0.162802
0.129249
0.113474
0.200667
0.173702
0.212959
0.148170
0.111496
0.120334
0.113339
0.114992
0.109526
0.115957
0.126992
0.128165
0.115979
0.117011
0.110143
0.108701
0.111307
0.128641
0.116397
0.110761
0.109625
0.113821
0.125943
0.106724
0.131848
0.110440
0.134788
0.124790
0.141007
0.193365
0.208836
0.139377
0.216942
0.184362
0.132910
0.121189
0.118094
0.117882
0.112361
0.115081
0.112715
0.108300
0.121076
0.105470
0.113228
0.117386
0.110263
0.113193
0.114795
0.113654
0.115687
0.124262
0.108411
0.096542
0.110437
0.126876
0.110170
0.104662
0.118032
0.119839
0.111657
0.116849
0.127331
0.131880
0.113292
0.126768
0.108189
0.106084
0.113361
0.112878
0.112073
0.106568
0.117884
0.119752
0.113113
0.101977
0.112480
0.114024
0.105203
0.114463
0.104155
0.110972
0.108182
0.136057
0.129329
0.114653
0.112918
0.111696
0.112094
0.145380
0.131037
0.114852
0.116000
0.129054
0.111515
0.113213
0.119560
0.115768
0.115581
0.116092
0.123804
0.129649
0.108762
0.122451
0.112305
0.116895
0.124417
0.132003
0.134938
0.193216
0.242527
0.162612
0.189339
0.149856
0.113746
0.116775
0.114969
0.114099
0.114403
0.131640
0.113721
0.118668
0.134937
0.125394
0.118862
0.117826
0.120206
0.115263
0.110706
0.136592
0.125535
0.129229
0.116765
0.118786
0.131339
0.130996
0.115741
0.112029
0.114424
0.140377
0.128083
0.116509
0.121990
0.129527
0.120215
0.110452
0.108887
0.106661
0.125153
0.115816
0.115605
0.113395
0.121243
0.113041
0.115348
0.115428
0.112988
0.105268
0.097126
0.125201
0.115035
0.108276
0.111281
0.108576
0.123680
0.110701
0.113785
0.118905
0.126518
0.109802
0.103225
0.105650
0.106515
0.106449
0.109093
0.113599
0.114524
0.113178
0.111742
0.107624
0.109614
0.112897
0.116406
0.112799
0.112331
0.109189
0.116874
0.156971
0.155565
0.153855
0.169628
0.134455
0.153270
0.173317
0.108734
0.116695
0.121241
0.105030
0.105702
0.116860
0.119512
0.111045
0.106097
0.110266
0.112597
0.108703
0.102898
0.107489
0.105936
0.114580
0.120631
0.125303
0.121843
0.121173
0.112906
0.121254
0.120316
0.118120
0.116960
0.114428
0.110331
0.115756
0.103416
0.116488
0.112451
0.111868
0.135514
0.111789
0.106306
0.115315
0.120569
0.180215
0.192149
0.168190
0.194423
0.163603
0.160022
0.161126
0.397262
0.279300
0.190021
0.113619
0.114331
0.106347
0.134861
0.110330
0.111938
0.116165
0.113248
0.108252
0.110683
0.116796
0.115377
0.112872
0.103359
0.105287
0.105092
0.111315
0.112561
0.148869
0.115550
0.121980
0.122389
0.105851
0.108183
0.107610
0.110403
0.109469
0.119449
0.128588
0.110493
0.116400
0.117420
0.112527
0.113210
0.111669
0.131492
0.119895
0.109048
0.108366
0.115697
0.124863
0.113976
0.109645
0.114713
0.109066
0.101430
0.117360
0.153078
0.114216
0.167931
0.161046
0.132455
0.111846
0.116241
0.130838
0.217829
0.201779
0.190513
0.137909
0.115153
0.135249
0.119458
0.122287
0.128594
0.120996
0.117613
0.170089
0.131332
0.120805
0.113341
0.168513
0.154698
0.137545
0.163214
0.188442
0.172190
0.121764
0.166689
0.210714
0.105625
0.147961
0.123009
0.118188
0.121373
0.137109
0.119243
0.118801
0.116559
0.119092
0.115157
0.123811
0.115442
0.113589
0.120963
0.118132
0.105650
0.123902
0.115141
0.111373
0.119073
0.115374
0.107865
0.111737
0.119309
0.125781
0.118286
0.119883
0.115628
0.117233
0.112422
0.117067
0.110662
0.115324
0.111590
0.113636
0.111387
0.112527
0.107824
0.131531
0.111646
0.116660
0.111360
0.112056
0.118145
0.122200
0.118027
0.117796
0.110132
0.116430
0.109184
0.108375
0.122721
0.147770
0.115006
0.108169
0.112595
0.113673
0.125500
0.123017
0.120641
0.114072
0.138449
0.378546
0.150318
0.124365
0.134654
0.154602
0.110003
0.146085
0.117248
0.117304
0.135420
0.136265
0.113144
0.116939
0.107717
0.114805
0.111377
0.099535
0.118405
0.127344
0.154430
0.108197
0.122465
0.132068
0.120905
0.125369
0.115432
0.111822
0.117172
0.112887
0.117762
0.110959
0.111905
0.108469
0.108556
0.115159
0.117149
0.226514
0.197936
0.152166
0.124519
0.115428
0.220607
0.119722
0.160222
0.155302
0.112563
0.122457
0.117482
0.150771
0.123136
0.168369
0.141667
0.124167
0.135325
0.114396
0.110834
0.123406
0.118427
0.125787
0.118522
0.130788
0.124909
0.119284
0.143916
0.114225
0.108417
0.110444
0.129952
0.116558
0.109178
0.121412
0.117634
0.119179
0.119577
0.126836
0.128866
0.148766
0.127148
0.115019
0.113651
0.116600
0.138407
0.129339
0.121366
0.119147
0.166535
0.105580
0.119340
0.127851
0.124694
0.110642
0.117217
0.114767
0.117011
0.115565
0.113500
0.128845
0.117812
0.129079
0.112511
0.113826
0.131433
0.124757
0.112997
0.133514
0.115381
0.117043
0.111413
0.116302
0.118117
0.116114
0.118088
0.119949
0.133339
0.131130
0.142614
0.134424
0.118172
0.118375
0.113485
0.108330
0.114940
0.134189
0.115783
0.117046
0.107860
0.116852
0.126245
0.138077
0.116135
0.111162
0.124699
0.136825
0.114553
0.140461
0.115779
0.117728
0.114453
0.119312
0.119752
0.117705
0.120598
0.116027
0.130111
0.118989
0.125242
0.117618
0.105047
0.113598
0.126621
0.114547
0.118024
0.114058
0.121942
0.131909
0.114439
0.121067
0.117790
0.135633
0.131635
0.127007
0.130374
0.123631
0.115817
0.121771
0.152561
0.158369
0.207544
0.205090
0.125882
0.190421
0.169940
0.196009
0.159532
0.168303
0.112739
0.119439
0.199717
0.116833
0.114993
0.112956
0.115662
0.124330
0.131764
0.118697
0.120279
0.114910
0.118158
0.118831
0.140564
0.117769
0.113197
0.117050
0.119579
0.132545
0.134200
0.114390
0.119705
0.126565
0.127442
0.119931
0.113337
0.125710
0.114879
0.130744
0.116551
0.125237
0.120075
0.118250
0.137341
0.131855
0.110348
0.114291
0.112572
0.115169
0.127231
0.119588
0.128692
0.141945
0.117636
0.128829
0.127075
0.108898
0.109166
0.140601
0.122190
0.128360
0.138105
0.116155
0.121086
0.115005
0.109172
0.106022
0.106905
0.117083
0.109209
0.124684
0.118549
0.105395
0.110245
0.129088
0.110278
0.102129
0.110564
0.115809
0.110750
0.107980
0.113367
0.123322
0.123075
0.106430
0.142386
0.119086
0.114319
0.111222
0.108526
0.112590
0.105455
0.118017
0.119406
0.129647
0.130533
0.155550
0.125495
0.138916
0.115865
0.134133
0.132610
0.119720
0.127526
0.116683
0.116100
0.115841
0.118911
0.114531
0.122518
0.123196
0.113735
0.133537
0.111321
0.129183
0.112541
0.123624
0.118386
0.124026
0.147568
0.121410
0.113475
0.113592
0.112766
0.120088
0.121388
0.121410
0.118027
0.110860
0.111517
0.141653
0.114533
0.119147
0.122940
0.117109
0.130696
0.111340
0.120652
0.108032
0.109191
0.119114
0.120207
0.120980
0.122068
0.129015
0.109967
0.111654
0.129271
0.124182
0.146760
0.119035
0.111687
0.115960
0.113103
0.125533
0.121792
0.130936
0.121565
0.115179
0.115453
0.118834
0.113808
0.117137
0.118957
0.113200
0.125051
0.117355
0.115844
0.133253
0.105311
0.119838
0.109525
0.114325
0.131206
0.136585
0.119484
0.111687
0.116896
0.109820
0.129343
0.136665
0.124531
0.126846
0.173642
0.155953
0.211770
0.174914
0.120622
0.162153
0.148627
0.207615
0.133580
0.112927
0.130027
0.131841
0.120885
0.138305
0.112331
0.129972
0.118758
0.109654
0.179869
0.173653
0.168733
0.194104
0.198261
0.147062
0.135447
0.140178
0.117454
0.128992
0.132820
0.132333
0.122203
0.117089
0.119985
0.123568
0.125442
0.120481
0.114492
0.132943
0.160612
0.504617
0.158184
0.156059
0.126033
0.115470
0.158961
0.118330
0.121058
0.149873
0.121514
0.122704
0.141118
0.132294
0.140482
0.120772
0.123336
0.121957
0.130548
0.128622
0.128108
0.119423
0.116357
0.113611
0.135024
0.110224
0.117666
0.126208
0.116025
0.130367
0.117477
0.115634
0.111591
0.118556
0.122315
0.135369
0.124514
0.193224
0.150788
0.124767
0.122186
0.148437
0.123171
0.135888
0.110751
0.122086
0.125104
0.134847
0.112231
0.124600
0.134345
0.132489
0.163032
0.137718
0.154557
0.134387
0.116977
0.196564
0.121828
0.127375
0.134320
0.117376
0.115000
0.177306
0.112654
0.106483
0.118112
0.134471
0.116024
0.130216
0.134292
0.116374
0.114510
0.121422
0.114002
0.120012
0.118007
0.136737
0.121015
0.121067
0.115274
0.117566
0.128742
0.117270
0.108472
0.129943
0.114339
0.133741
0.119287
0.106063
0.126321
0.110966
0.123313
0.108681
0.114829
0.116355
0.144333
0.344343
0.267884
0.125057
0.124160
0.122951
0.126078
0.124577
0.139493
0.124864
0.127210
0.108538
0.119960
0.107518
0.112215
0.140154
0.115758
0.124001
0.115907
0.115107
0.109558
0.118131
0.107779
0.105341
0.110956
0.130622
0.113732
0.136440
0.136305
0.123712
0.115874
0.115651
0.118952
0.117246
0.131406
0.135678
0.123458
0.123974
0.114068
0.133574
0.120465
0.123621
0.120662
0.115374
0.140144
0.115240
0.110520
0.119251
0.133466
0.113240
0.125572
0.117168
0.111823
0.130684
0.111610
0.118358
0.128859
0.120001
0.134710
0.116668
0.112143
0.118494
0.122446
0.127506
0.125935
0.122174
0.128659
0.127781
0.122491
0.139350
0.123541
0.108708
0.126281
0.116115
0.115822
0.119218
0.130657
0.127480
0.136488
0.109625
0.108271
0.118778
0.121201
0.123084
0.117739
0.137367
0.122557
0.110067
0.113307
0.130343
0.110126
0.117436
0.114120
0.127932
0.114864
0.120623
0.112561
0.112735
0.107219
0.105039
0.110136
0.117475
0.106534
0.097176
0.110680
0.113020
0.140279
0.114152
0.110434
0.106875
0.116596
0.122482
0.114982
0.110490
0.104484
0.130953
0.133186
0.113682
0.120798
0.112201
0.123140
0.115499
0.114175
0.117135
0.117870
0.116596
0.111194
0.111711
0.112187
0.143419
0.106248
0.121527
0.111677
0.125304
0.110382
0.118485
0.114105
0.107058
0.112481
0.123303
0.170063
0.146408
0.130946
0.137679
0.125666
0.153483
0.120725
0.121618
0.123781
0.180630
0.155064
0.150998
0.117276
0.128463
0.110583
0.114461
0.122308
0.117093
0.120338
0.105656
0.117872
0.120835
0.118729
0.106555
0.130198
0.116139
0.118246
0.118852
0.117367
0.171616
0.158655
0.137105
0.129974
0.148700
0.191791
0.181919
0.115728
0.125518
0.144158
0.112147
0.121597
0.111332
0.117054
0.123121
0.114813
0.116187
0.119965
0.118232
0.114368
0.111102
0.116747
0.121277
0.125306
0.120375
0.126807
0.111629
0.115361
0.116324
0.111566
0.115995
0.142987
0.114006
0.108257
0.110503
0.114673
0.116278
0.110732
0.113927
0.155706
0.112524
0.109768
0.116710
0.118550
0.117906
0.138042
0.114677
0.107290
0.126410
0.128674
0.110146
0.130757
0.115178
0.111737
0.134557
0.108596
0.111851
0.117088
0.113861
0.110299
0.135165
0.113279
0.114053
0.117455
0.114099
0.119312
0.105793
0.118261
0.119593
0.104546
0.118049
0.117352
0.115070
0.120724
0.141005
0.105086
0.137471
0.127808
0.121341
0.115476
0.116816
0.123107
0.120709
0.125879
0.113288
0.109586
0.117339
0.112243
0.117400
0.097173
0.117493
0.107683
0.101351
0.106145
0.116339
0.109283
0.118221
0.112016
0.116117
0.109910
0.108442
0.120417
0.137966
0.111986
0.117286
0.123033
0.118673
0.123250
0.113627
0.121626
0.116612
0.112330
0.114561
0.104412
0.465965
0.188811
0.195665
0.225776
0.213510
0.158149
0.153459
0.122796
0.153707
0.184864
0.118620
0.147642
0.110588
0.120191
0.115429
0.123907
0.119153
0.116314
0.117111
0.114917
0.113099
0.118900
0.110607
0.112986
0.112295
0.108059
0.113316
0.135789
0.119858
0.112456
0.111097
0.112268
0.116705
0.115154
0.108048
0.112419
0.123969
0.148758
0.129038
0.109150
0.109404
0.124816
0.110494
0.105923
0.113730
0.107645
0.105542
0.105421
0.116491
0.110727
0.126288
0.115563
0.125781
0.113202
0.133017
0.116018
0.133554
0.116593
0.112230
0.116110
0.116376
0.124293
0.124234
0.109476
0.105736
0.114645
0.109130
0.113515
0.115723
0.118775
0.109465
0.129785
0.111631
0.118233
0.121769
0.105262
0.104723
0.120985
0.112011
0.110190
0.115188
0.103637
0.105343
0.114475
0.105316
0.107102
0.112109
0.109840
0.127622
0.115019
0.119452
0.128726
0.123954
0.111256
0.118324
0.111256
0.122057
0.124583
0.127252
0.118367
0.110735
0.112789
0.118916
0.118687
0.122443
0.122216
0.113848
0.117048
0.114051
0.104732
0.110165
0.111864
0.111981
0.115126
0.113386
0.113628
0.103930
0.115444
0.131250
0.116343
0.123080
0.138912
0.117276
0.159274
0.171502
0.192942
0.252583
0.127415
0.160647
0.202053
0.163979
0.223562
0.115016
0.152172
0.126742
0.149383
0.192091
0.128017
0.114915
0.163819
0.129802
0.110503
0.223170
0.152916
0.114479
0.115810
0.118529
0.113583
0.113779
0.112824
0.129038
0.120555
0.119665
0.115392
0.109547
0.131050
0.119208
0.110938
0.116167
0.134019
0.109873
0.144185
0.115379
0.111522
0.113349
0.124411
0.114960
0.134064
0.114041
0.117930
0.111799
0.112697
0.118471
0.110777
0.116668
0.140100
0.112885
0.145761
0.112468
0.113321
0.134002
0.114689
0.120554
0.114368
0.117925
0.112386
0.118067
0.109371
0.145810
0.117562
0.121073
0.118365
0.136188
0.120512
0.112936
0.105646
0.141001
0.157980
0.169821
0.132072
0.111940
0.147380
0.159782
0.183199
0.124400
0.122145
0.115709
0.114973
0.125145
0.131831
0.125241
0.126644
0.140311
0.129384
0.126672
0.122248
0.133910
0.118325
0.124665
0.119447
0.142728
0.123536
0.126238
0.160441
0.125286
0.134075
0.119192
0.127384
0.164280
0.123080
0.159382
0.139441
0.143814
0.157999
0.162819
0.171390
0.206915
0.166159
0.159115
0.122701
0.181214
0.194092
0.135459
0.143474
0.130178
0.121526
0.116773
0.125787
0.109836
0.108615
0.112375
0.129928
0.120329
0.114590
0.112160
0.115895
0.128946
0.164373
0.149039
0.131894
0.209948
0.123829
0.175203
0.136042
0.122548
0.114781
0.167805
0.155814
0.146892
0.120910
0.223442
0.146653
0.119199
0.113401
0.138496
0.116841
0.113752
0.121386
0.210310
0.202113
0.112053
0.117141
0.129407
0.119202
0.110942
0.122822
0.113019
0.130667
0.120254
0.110386
0.125990
0.116285
0.121164
0.116768
0.115504
0.130040
0.102950
0.113984
0.111375
0.115356
0.108140
0.118159
0.107524
0.109347
0.118654
0.103761
0.125322
0.108069
0.101635
0.112930
0.108232
0.110568
0.121814
0.135813
0.110831
0.125155
0.115313
0.133063
0.116911
0.126158
0.108429
0.117282
0.117242
0.120394
0.128932
0.117508
0.138118
0.122005
0.117278
0.119542
0.113515
0.113917
0.120695
0.113135
0.114396
0.122179
0.116168
0.134335
0.127452
0.107469
0.111382
0.122870
0.124911
0.113511
0.123119
0.132249
0.108735
0.111879
0.364603
0.261701
0.116587
0.119192
0.124581
0.125456
0.138460
0.111095
0.135955
0.118019
0.118007
0.110892
0.125018
0.120538
0.144672
0.126672
0.117539
0.122646
0.119427
0.113539
0.115251
0.124661
0.132659
0.117351
0.113127
0.116592
0.154034
0.143033
0.125283
0.133038
0.129774
0.126559
0.126270
0.138645
0.112740
0.108331
0.117516
0.504276
0.142149
0.147082
0.125435
0.114234
0.148761
0.113452
0.119702
0.115839
0.120733
0.126440
0.126506
0.112426
0.111129
0.108876
0.107194
0.115474
0.113437
0.114672
0.111346
0.130447
0.115026
0.113830
0.114668
0.128143
0.149098
0.116373
0.139196
0.124185
0.132770
0.130736
0.112260
0.106775
0.127499
0.122690
0.128571
0.139760
0.111498
0.111977
0.129166
0.111893
0.120264
0.116879
0.125255
0.131215
0.110326
0.115953
0.122859
0.112393
0.122298
0.116808
0.110855
0.116697
0.113794
0.112591
0.117952
0.112360
0.132478
0.124845
0.117890
0.130063
0.114111
0.133272
0.142581
0.112329
0.116096
0.159396
0.112534
0.112275
0.114635
0.112441
0.110848
0.130800
0.109145
0.128301
0.111972
0.111746
0.135034
0.110836
0.135560
0.168305
0.117008
0.165665
0.226290
0.158131
0.162072
0.172908
0.116534
0.179910
0.152569
0.130674
0.137145
0.121960
0.112531
0.145603
0.138268
0.110811
0.119076
0.115122
0.111315
0.108350
0.112780
0.134338
0.141879
0.136210
0.121681
0.114848
0.120980
0.122666
0.133169
0.118771
0.111618
0.136088
0.109442
0.116071
0.128764
0.112287
0.115677
0.126675
0.112355
0.106530
0.114004
0.114390
0.121215
0.108806
0.114552
0.105864
0.109251
0.111930
0.116908
0.113071
0.123555
0.105770
0.110872
0.125046
0.131079
0.112887
0.110633
0.115704
0.112524
0.119984
0.152109
0.126381
0.115949
0.105909
0.115848
0.110204
0.115892
0.133660
0.109800
0.122656
0.127748
0.117090
0.118481
0.109869
0.138931
0.137941
0.114532
0.114011
0.116332
0.143677
0.122786
0.120964
0.115998
0.130118
0.109768
0.135237
0.099769
0.120986
0.118681
0.116719
0.119780
0.125468
0.118744
0.119324
0.126591
0.113036
0.113342
0.125947
0.110940
0.117889
0.120725
0.132057
0.147095
0.121520
0.125289
0.117166
0.162162
0.113425
0.135039
0.113003
0.112513
0.124981
0.117531
0.114666
0.120017
0.121170
0.138456
0.134432
0.124823
0.146280
0.115367
0.126051
0.133981
0.126192
0.139091
0.120446
0.119108
0.116577
0.127144
0.121393
0.127954
0.145889
0.173062
0.134501
0.133561
0.124071
0.124036
0.120719
0.167939
0.166576
0.147306
0.147777
0.185413
0.130335
0.129365
0.124037
0.173158
0.160159
0.131939
0.232531
0.115952
0.151048
0.175144
0.201300
0.130696
0.135613
0.118589
0.115127
0.123987
0.124287
0.160651
0.128545
0.120547
0.153013
0.133699
0.117462
0.182085
0.147743
0.129791
0.157763
0.158816
0.133688
0.135150
0.119355
0.116473
0.116424
0.120012
0.238906
0.178160
0.169718
0.204173
0.172515
0.167282
0.156826
0.139191
0.129311
0.120897
0.119784
0.110882
0.120848
0.119861
0.121272
0.120650
0.122627
0.116784
0.133914
0.119413
0.117701
0.119973
0.129866
0.120496
0.125386
0.165496
0.133589
0.160480
0.140930
0.123286
0.136374
0.114589
0.118519
0.115314
0.135980
0.115575
0.123758
0.129510
0.119422
0.112233
0.126384
0.117803
0.122361
0.119300
0.118818
0.146519
0.121838
0.127685
0.124916
0.123378
0.118897
0.120369
0.118372
0.149888
0.129773
0.120002
0.127071
0.125717
0.130029
0.131543
0.129189
0.123845
0.135891
0.125992
0.131193
0.123825
0.140554
0.123581
0.143174
0.195622
0.188849
0.180647
0.202146
0.156034
0.117802
0.198546
0.159450
0.116995
0.127629
0.122181
0.103140
0.112182
0.116435
0.122220
0.108059
0.113766
0.114191
0.115012
0.119128
0.109753
0.105952
0.107329
0.127207
0.111751
0.121151
0.123056
0.118447
0.132142
0.119667
0.119966
0.116993
0.114961
0.113101
0.119281
0.108235
0.137011
0.127330
0.109114
0.137785
0.115247
0.111620
0.122470
0.130479
0.112430
0.117376
0.109490
0.130619
0.110879
0.119604
0.118598
0.350640
0.191137
0.127797
0.118004
0.118275
0.120490
0.119269
0.124345
0.109313
0.113971
0.109181
0.118068
0.125512
0.116781
0.107814
0.118307
0.110946
0.134318
0.134913
0.119458
0.122429
0.117538
0.112121
0.141168
0.142461
0.149638
0.134504
0.158017
0.197321
0.142398
0.157963
0.135374
0.139014
0.124530
0.116652
0.130011
0.112961
0.130722
0.113817
0.111480
0.134959
0.116655
0.122932
0.137169
0.121570
0.114443
0.118668
0.121995
0.112089
0.109382
0.130622
0.121144
0.122019
0.114133
0.118724
0.144071
0.124430
0.120282
0.114534
0.111276
0.111977
0.119642
0.106311
0.117187
0.116098
0.139959
0.149171
0.114291
0.114368
0.123775
0.121544
0.117786
0.107364
0.111399
0.114559
0.106665
0.103824
0.111691
0.109682
0.113610
0.131256
0.121176
0.113552
0.119829
0.109867
0.132939
0.117284
0.124944
0.128627
0.148243
0.120599
0.125551
0.118067
0.122656
0.116005
0.115315
0.117270
0.121485
0.124568
0.115213
0.123497
0.118323
0.131375
0.115514
0.118176
0.126375
0.115010
0.134558
0.118052
0.115067
0.120528
0.118658
0.124847
0.113042
0.109962
0.114537
0.123847
0.107066
0.123963
0.120509
0.114190
0.137959
0.113845
0.121445
0.120632
0.128203
0.136939
0.117227
0.118103
0.116045
0.132326
0.124001
0.119780
0.114928
0.117371
0.119723
0.124904
0.113932
0.121447
0.122292
0.126691
0.122180
0.114491
0.117906
0.118780
0.128009
0.123982
0.117706
0.115226
0.139015
0.126308
0.124856
0.125223
0.129521
0.120742
0.114932
0.119948
0.116787
0.123622
0.116246
0.112554
0.106708
0.115240
0.112910
0.136993
0.119317
0.120313
0.118401
0.116995
0.114509
0.111818
0.112722
0.114624
0.114170
0.109198
0.110378
0.112413
0.109817
0.115352
0.134279
0.113951
0.132668
0.115360
0.134612
0.112549
0.118552
0.118015
0.145920
0.135397
0.127301
0.141626
0.119075
0.140294
0.117368
0.113846
0.118171
0.112401
0.117194
0.130083
0.111090
0.132851
0.114341
0.116786
0.108751
0.117044
0.112749
0.115477
0.112501
0.114066
0.114994
0.109932
0.136222
0.131248
0.118244
0.132739
0.121331
0.123388
0.122440
0.107986
0.110097
0.121414
0.111614
0.115054
0.105966
0.111418
0.137115
0.116231
0.118430
0.420953
0.130927
0.122900
0.111551
0.112092
0.112673
0.111044
0.115561
0.118454
0.140297
0.114582
0.127789
0.135256
0.130701
0.113009
0.117628
0.115999
0.126637
0.105331
0.117072
0.119136
0.108072
0.102781
0.116472
0.110385
0.111818
0.115266
0.116291
0.110344
0.132588
0.110625
0.132866
0.115212
0.119470
0.117840
0.112581
0.113255
0.114150
0.115932
0.121930
0.119972
0.115277
0.110138
0.138826
0.119125
0.119635
0.143309
0.113291
0.119266
0.121129
0.105017
0.115601
0.124824
0.113386
0.110007
0.115991
0.121405
0.109274
0.124591
0.121803
0.116505
0.133172
0.114322
0.114500
0.106872
0.114680
0.133434
0.125148
0.136996
0.111614
0.137669
0.116382
0.122816
0.112175
0.115879
0.110061
0.126002
0.130073
0.133611
0.118637
0.127796
0.116489
0.145429
0.110666
0.125910
0.121679
0.109283
0.126679
0.142109
0.119623
0.112495
0.117823
0.121710
0.117717
0.119023
0.117702
0.123686
0.113861
0.114067
0.111575
0.128944
0.112448
0.118021
0.125303
0.113721
0.133436
0.116883
0.119173
0.130634
0.115219
0.112685
0.116171
0.110261
0.115306
0.116877
0.122901
0.111379
0.128793
0.107803
0.110979
0.122757
0.118286
0.119279
0.117272
0.114748
0.110179
0.110594
0.118585
0.122087
0.107451
0.118131
0.129516
0.135474
0.122508
0.112684
0.118989
0.138634
0.136963
0.128203
0.122234
0.128828
0.117334
0.117010
0.114458
0.120789
0.114492
0.123579
0.111579
0.135174
0.149364
0.136833
0.121645
0.124980
0.116542
0.145827
0.118928
0.125407
0.141790
0.137572
0.112009
0.112941
0.112618
0.127197
0.116898
0.115247
0.115064
0.109397
0.121282
0.123857
0.157137
0.182263
0.156416
0.168368
0.161532
0.164989
0.114019
0.123126
0.115693
0.137205
0.455691
0.147880
0.158008
0.155189
0.117226
0.114993
0.114113
0.121346
0.128590
0.135119
0.118751
0.138028
0.125487
0.114421
0.144240
0.128367
0.112974
0.123812
0.116012
0.119909
0.117959
0.137039
0.134107
0.118600
0.132933
0.120835
0.136003
0.132920
0.114272
0.112618
0.113567
0.123322
0.125828
0.122439
0.105383
0.145307
0.115272
0.116335
0.126079
0.125650
0.121665
0.128755
0.132863
0.128640
0.148536
0.162459
0.168471
0.172275
0.157649
0.146948
0.128888
0.208645
0.170396
0.176236
0.205964
0.138543
0.164200
0.170912
0.141154
0.129802
0.101981
0.104908
0.130122
0.111065
0.110048
0.110340
0.122354
0.120211
0.114371
0.107210
0.114534
0.134718
0.113571
0.120066
0.124937
0.120843
0.111994
0.138924
0.121484
0.109444
0.113813
0.112329
0.120509
0.128692
0.109986
0.127830
0.112395
0.114050
0.110098
0.117390
0.104810
0.113043
0.110304
0.113016
0.108784
0.118048
0.112346
0.111082
0.115350
0.115422
0.114096
0.120567
0.116855
0.119966
0.120636
0.107346
0.103096
0.110299
0.134313
0.100387
0.108390
0.142332
0.124122
0.104205
0.110531
0.131639
0.109616
0.103988
0.133842
0.108828
0.106363
0.114590
0.106686
0.104699
0.106397
0.118123
0.116678
0.126281
0.106547
0.112930
0.109888
0.117671
0.110124
0.136105
0.114354
0.118552
0.120269
0.112660
0.117173
0.119338
0.116075
0.137540
0.118882
0.115800
0.112236
0.127775
0.112142
0.133370
0.129684
0.114055
0.122064
0.125965
0.113317
0.114229
0.121480
0.117586
0.107516
0.113961
0.113544
0.115003
0.120402
0.111720
0.120948
0.124883
0.114948
0.109040
0.101812
0.121750
0.134144
0.116316
0.116787
0.113231
0.108109
0.127653
0.110509
0.126617
0.136245
0.124277
0.107940
0.114002
0.120713
0.112334
0.113761
0.116524
0.108688
0.110624
0.132189
0.113062
0.120065
0.119663
0.116547
0.125105
0.126306
0.118346
0.160018
0.122919
0.143006
0.115635
0.121588
0.120511
0.125073
0.119043
0.112936
0.122941
0.113388
0.132826
0.111114
0.114007
0.116519
0.114474
0.121553
0.114911
0.103330
0.106992
0.127831
0.123914
0.125307
0.115462
0.111589
0.125770
0.118657
0.120401
0.121223
0.130700
0.130480
0.117584
0.124128
0.126179
0.116840
0.116454
0.110736
0.113674
0.128211
0.121299
0.109218
0.135347
0.120529
0.113236
0.107287
0.125568
0.125931
0.122022
0.147945
0.126479
0.117386
0.120082
0.113023
0.116350
0.116737
0.122300
0.117753
0.121738
0.121577
0.111123
0.102092
0.101808
0.116395
0.113321
0.114525
0.112693
0.114349
0.142721
0.119011
0.103510
0.112837
0.122798
0.142920
0.124386
0.125298
0.117339
0.127679
0.114977
0.116009
0.114563
0.138978
0.116463
0.121331
0.146454
0.131056
0.130667
0.114934
0.125373
0.118085
0.115682
0.131640
0.127302
0.137485
0.118423
0.118056
0.118831
0.117417
0.129751
0.118136
0.126387
0.116953
0.119963
0.150288
0.130100
0.124149
0.126971
0.125161
0.127607
0.132406
0.121184
0.120025
0.143845
0.149519
0.125828
0.130979
0.198028
0.145327
0.249126
0.161133
0.159800
0.137323
0.137307
0.202258
0.126198
0.138595
0.132786
0.131596
0.193053
0.219319
0.142885
0.128261
0.132789
0.146137
0.150311
0.124418
0.119306
0.129918
0.113589
0.117708
0.113343
0.112762
0.111901
0.125235
0.116580
0.132066
0.110983
0.137900
0.111867
0.114562
0.112456
0.109937
0.112810
0.115009
0.111390
0.101117
0.126444
0.111163
0.113401
0.113993
0.111465
0.108160
0.120372
0.117565
0.112515
0.107140
0.114271
0.120253
0.151841
0.118695
0.154446
0.225510
0.157890
0.182162
0.165487
0.147233
0.240317
0.170175
0.152757
0.123269
0.110005
0.115142
0.112707
0.107199
0.106786
0.120177
0.109466
0.114344
0.139609
0.109543
0.118688
0.110228
0.107706
0.113275
0.122262
0.184334
0.163688
0.210590
0.134616
0.192914
