1.666691
0.195287
0.160325
0.220753
0.156348
0.197244
0.182772
0.175784
0.180057
0.156930
0.161876
0.146678
0.140955
0.129704
0.200357
0.155613
0.202363
0.144611
0.143207
0.136547
0.180301
0.170974
0.149794
0.171898
0.151354
0.180718
0.184656
0.183505
0.165570
0.134023
0.144586
0.140395
1.089168
0.325977
0.181710
0.151520
0.142236
0.180469
0.186177
0.170432
0.182392
0.142638
0.181534
0.152184
0.175231
0.136079
0.131611
0.168565
0.211496
0.140158
0.126944
0.268910
0.416507
0.131537
0.128202
0.144933
0.149274
0.124493
0.164442
0.178921
0.147061
0.171817
0.151463
0.152528
0.156438
0.159043
0.130809
0.130812
0.122598
0.175864
0.145097
0.464065
0.170371
0.173499
0.123269
0.161714
0.122946
0.155784
0.161632
0.137018
0.155624
0.168311
0.126975
0.153755
0.171564
0.177734
0.129005
0.176351
0.142278
0.174272
0.155052
0.195799
0.156359
0.166526
0.175062
0.143508
0.161763
0.149251
0.177233
0.189849
0.193454
0.161237
0.167402
0.162040
0.151467
0.160115
0.139598
0.115128
0.158913
0.191176
0.180661
0.211000
0.112782
0.205101
0.144558
0.203992
0.210553
0.142541
0.406357
0.509492
0.140342
0.161718
0.268340
0.133679
0.125040
0.162813
0.154541
0.215494
0.155106
0.188587
0.179087
0.172266
0.118125
0.219311
0.190669
0.176508
0.205309
0.206431
0.212785
0.197252
0.161838
0.217521
0.319200
0.224092
0.221181
0.218036
0.617719
0.634935
0.190067
0.143259
0.274299
0.134941
0.199971
0.253362
0.210006
0.578328
0.451261
0.192004
0.206334
0.150658
0.180615
0.151835
0.126233
0.208286
0.139877
0.140528
0.211920
0.122361
0.138671
0.197984
0.170221
0.121281
0.163359
0.179371
0.154694
0.158757
0.166034
0.178532
0.224545
0.120998
0.169338
0.100106
0.194399
0.180700
0.200782
0.209251
0.157482
0.135698
0.209418
0.146172
0.170775
0.206068
0.181582
0.216522
0.164168
0.161463
0.187077
0.211479
0.281919
0.170071
0.431963
0.379571
0.247045
0.235792
0.147528
0.200542
0.158508
0.219443
0.265434
0.226538
0.254737
0.219288
0.220585
0.203863
0.187243
0.205421
0.202998
0.317426
0.349243
0.140379
0.129429
0.198193
0.235106
0.177542
0.278183
0.218214
0.211118
0.218710
0.320625
0.235383
0.209673
0.211996
0.229471
0.224217
0.176382
0.611148
0.370685
0.193491
0.210215
0.182442
0.143455
0.163680
0.150853
0.155281
0.273984
0.465234
0.130834
0.202825
0.161682
0.146092
0.137879
0.168398
0.142798
0.129686
0.155057
0.139206
0.138806
0.193125
0.164495
0.157617
0.176364
0.120175
0.159264
0.221351
0.160902
0.154698
0.138389
0.138720
0.154594
0.148938
0.173213
0.142351
0.166363
0.147716
0.190005
0.220607
0.123352
0.161898
0.177976
0.184687
0.191634
0.212624
0.145666
0.192497
0.190229
0.176679
0.173821
0.231194
0.133839
0.196781
0.596094
0.333732
0.165841
0.120345
0.167781
0.139203
0.125252
0.217874
0.168848
0.201930
0.151660
0.127055
0.145507
0.203013
0.198070
0.173486
0.189695
0.124570
0.131931
0.179294
0.190796
0.159226
0.221499
0.143063
0.189464
0.176544
0.168132
0.171199
0.144513
0.164034
0.132134
0.232321
0.162734
0.240773
0.173003
0.185548
0.154219
0.150705
0.665583
0.393970
0.156967
0.237717
0.137248
0.154835
0.157572
0.170173
0.161395
0.140658
0.171181
0.184892
0.134304
0.128527
0.209951
0.130232
0.185122
0.134449
0.206619
0.184851
0.118141
0.118743
0.133789
0.208620
0.172226
0.167951
0.160853
0.161139
0.155424
0.160696
0.168033
0.122769
0.149377
0.123792
0.480762
0.239077
0.203691
0.146145
0.191066
0.258378
0.201768
0.172647
0.146047
0.212510
0.128688
0.229275
0.168339
0.259680
0.164271
0.133619
0.248872
0.150694
0.196037
0.188823
0.155020
0.158726
0.186898
0.144662
0.227584
0.183214
0.242242
0.117288
0.154881
0.243212
0.133533
0.201971
0.190141
0.200271
0.142708
0.192705
0.196745
0.154097
0.183756
0.185497
0.145399
0.208340
0.125334
0.161870
0.142762
0.137553
0.136104
0.420131
0.426648
0.207931
0.191542
0.224128
0.156995
0.206309
0.134303
0.187688
0.172517
0.372097
0.205389
0.167753
0.157641
0.182253
0.141958
0.220096
0.166255
0.159950
0.190507
0.144137
0.159407
0.125921
0.170342
0.155100
0.180652
0.139325
0.201516
0.173941
0.152666
0.174935
0.194339
0.151832
0.153694
0.141077
0.200559
0.147923
0.161848
0.126374
0.236118
0.417720
0.262940
0.196787
0.179363
0.209583
0.142105
0.145556
0.170295
0.182137
0.136089
0.166669
0.179616
0.215651
0.155816
0.181530
0.137052
0.251592
0.215247
0.164447
0.139257
0.152596
0.167115
0.141030
0.163122
0.145200
0.143215
0.146256
0.175794
0.142712
0.143849
0.147403
0.158850
0.138447
0.169329
0.144889
0.177136
0.407112
0.454435
0.221900
0.237082
0.154400
0.153263
0.171817
0.135710
0.125235
0.137107
0.145898
0.116312
0.179387
0.172048
0.134697
0.155386
0.166652
0.151309
0.179032
0.135313
0.126531
0.279054
0.300464
0.193048
0.164198
0.124556
0.154576
0.157581
0.161182
0.289248
0.162374
0.130429
0.141856
0.144906
0.195056
0.149342
0.130879
0.154134
0.115635
0.170828
0.127935
0.151523
0.137956
0.122866
0.169051
0.147781
0.164906
0.360892
0.341351
0.160068
0.164252
0.157964
0.173512
0.143007
0.174141
0.218254
0.173888
0.139652
0.139739
0.170437
0.163940
0.148302
0.167431
0.154050
0.149128
0.149557
0.264424
0.173265
0.123206
0.160752
0.175352
0.147941
0.147098
0.163604
0.211718
0.164495
0.131112
0.214586
0.165933
0.156160
0.136760
0.186451
0.165938
0.178208
0.171667
0.212536
0.140322
0.184023
0.170876
0.144509
0.132608
0.404116
0.309206
0.153555
0.146111
0.138734
0.143921
0.137281
0.149200
0.187141
0.157354
0.116598
0.159409
0.162512
0.141305
0.172173
0.121428
0.116040
0.146274
0.231022
0.141500
0.543702
0.285696
0.173357
0.203631
0.183134
0.178191
0.156098
0.178252
0.139288
0.144907
0.127247
0.172764
0.163370
0.137663
0.136823
0.141519
0.161843
0.165237
0.123735
0.199200
0.249947
0.151925
0.129429
0.250381
0.154706
0.165852
0.169266
0.236804
0.172802
0.176367
0.172824
0.255058
0.440975
0.170107
0.182335
0.224524
0.209040
0.163194
0.173965
0.151191
0.185087
0.127097
0.149371
0.214573
0.134385
0.118381
0.169460
0.124118
0.183867
0.154207
0.116161
0.157595
0.139554
0.216956
0.162575
0.168300
0.179566
0.129779
0.129887
0.123523
0.184538
0.146831
0.120183
0.155084
0.140722
0.169803
0.201361
0.149951
0.130171
0.133586
0.158335
0.124934
0.128094
0.164987
0.492320
0.483972
0.188408
0.168182
0.149390
0.138524
0.114614
0.189054
0.189271
0.134051
0.158253
0.144663
0.141669
0.146703
0.435375
0.314115
0.162387
0.158085
0.156672
0.141192
0.218291
0.131621
0.142992
0.193969
0.155216
0.194904
0.169434
0.177849
0.177008
0.196542
0.129921
0.157604
0.195846
0.157057
0.213808
0.137685
0.144341
0.133005
0.160890
0.191977
0.169210
0.262505
0.215058
0.309522
0.175145
0.191536
0.145402
0.145758
0.127213
0.163124
0.225826
0.133191
0.116940
0.126539
0.168626
0.139329
0.130719
0.155659
0.141545
0.133562
0.136253
0.153564
0.133252
0.141543
0.121179
0.163336
0.175636
0.129976
0.164168
0.140282
0.168170
0.128454
0.152574
0.146227
0.176796
0.185885
0.136282
0.178581
0.163603
0.397136
0.605029
0.155232
0.152962
0.137938
0.159116
0.149599
0.150572
0.233699
0.139953
0.168593
0.182522
0.159007
0.150119
0.226721
0.111672
0.106658
0.162692
0.185006
0.113377
0.131229
0.165816
0.166397
0.166102
0.194719
0.150339
0.119175
0.158489
0.193794
0.786230
0.189914
0.216921
0.191846
0.164358
0.169201
0.197744
0.206062
0.356923
0.215048
0.173202
0.122538
0.200668
0.125217
0.142353
0.154647
0.164942
0.114327
0.140775
0.107499
0.135794
0.130032
0.133631
0.183628
0.125824
0.160388
0.142856
0.132908
0.164264
0.155844
0.142026
0.192081
0.137890
0.173885
0.193431
0.162661
0.129899
0.140472
0.176510
0.158241
0.192449
0.124460
0.291094
0.216396
0.152519
0.184244
0.212709
0.198058
0.132594
0.150956
0.156179
0.142929
0.154757
0.158877
0.169776
0.159276
0.144210
0.146931
0.128255
0.173943
0.100730
0.156033
0.157090
0.199765
0.154528
0.158443
0.137419
0.156630
0.153323
0.137686
0.162330
0.117827
0.146833
0.146608
0.142735
0.145641
0.147535
0.216572
0.147439
0.171093
0.138724
0.213723
0.209258
0.148885
0.491272
0.363455
0.185357
0.175052
0.133742
0.126263
0.157727
0.153810
0.195805
0.200552
0.191675
0.265221
0.329493
0.266728
0.157010
0.148958
0.176689
0.137794
0.145558
0.179881
0.136717
0.150769
0.146043
0.165468
0.162188
0.164961
0.191388
0.128574
0.128727
0.127922
0.188806
0.203538
0.165004
0.125799
0.162717
0.166132
0.145522
0.170839
0.566981
0.400234
0.179889
0.148810
0.208558
0.161501
0.210762
0.142760
0.198933
0.147068
0.219385
0.146701
0.164900
0.196045
0.123869
0.156238
0.126745
0.114679
0.163361
0.207982
0.166620
0.143920
0.175978
0.152270
0.124756
0.201266
0.165761
0.171124
0.184325
0.195705
0.119356
0.214437
0.164640
0.195497
0.159638
0.124183
0.135626
0.222003
0.125919
0.141759
0.134406
0.130343
0.110934
0.214587
0.162953
0.139581
0.165901
0.215681
0.490911
0.395863
0.131602
0.169864
0.140194
0.136115
0.159595
0.148295
0.185918
0.181365
0.185446
0.188678
0.219172
0.178218
0.147324
0.160275
0.171899
0.339547
0.343231
0.187131
0.153635
0.168243
0.170650
0.148114
0.128296
0.134853
0.188926
0.262894
0.134633
0.129462
0.191264
0.192972
0.169266
0.110335
0.157062
0.186375
0.142769
0.189072
0.203481
0.146105
0.153822
0.147761
0.295026
0.267001
0.149416
0.169934
0.184708
0.138916
0.179970
0.149495
0.185889
0.131845
0.144171
0.166980
0.184344
0.272823
0.193426
0.178160
0.136362
0.164400
0.168034
0.148761
0.229884
0.175587
0.135644
0.181100
0.166644
0.141574
0.132414
0.159265
0.193668
0.217970
0.207777
0.149434
0.154945
0.194751
0.241109
0.190610
0.135602
0.166957
0.151486
0.119882
0.125157
0.134292
0.161758
0.121650
0.139338
0.267392
0.392067
0.201329
0.190465
0.166398
0.215194
0.148984
0.139229
0.174610
0.117530
0.145925
0.189521
0.194536
0.178570
0.142432
0.192665
0.201167
0.191083
0.141093
0.144978
0.144295
0.429380
0.145381
0.132413
0.200095
0.131026
0.135244
0.134678
0.149274
0.154055
0.154410
0.221723
0.226372
0.183853
0.159077
0.165040
0.133167
0.130149
0.194004
0.153805
0.151028
0.154650
0.411863
0.413120
0.165713
0.220450
0.159073
0.139234
0.169591
0.188571
0.226675
0.149891
0.150225
0.138168
0.152465
0.165643
0.216167
0.151940
0.209741
0.180780
0.226529
0.139308
0.152698
0.189474
0.195607
0.144378
0.122251
0.218719
0.178705
0.178939
0.147674
0.209093
0.164047
0.172171
0.141774
0.183811
0.165723
0.162597
0.139112
0.175134
0.208103
0.101421
0.142921
0.401843
0.353114
0.188816
0.146040
0.154149
0.202639
0.148575
0.153338
0.151880
0.135710
0.149984
0.141471
0.134113
0.240703
0.168718
0.180454
0.243469
0.124106
0.186223
0.168451
0.138007
0.123675
0.133382
0.180678
0.146173
0.147218
0.178224
0.159846
0.163286
0.140156
0.163586
0.364647
0.199754
0.352762
0.141646
0.183251
0.154544
0.156481
0.141241
0.121344
0.171108
0.487125
0.388425
0.191183
0.181559
0.236993
0.174413
0.253417
0.115363
0.148536
0.147133
0.121586
0.209281
0.150535
0.209068
0.138296
0.145242
0.121048
0.222252
0.173533
0.174692
0.180808
0.120641
0.176015
0.116909
0.134611
0.121794
0.161151
0.149295
0.179365
0.186514
0.144091
0.151423
0.186359
0.197048
0.204080
0.149105
0.125259
0.241220
0.127625
0.233047
0.294097
0.619750
0.137158
0.184035
0.128234
0.175198
0.130075
0.161985
0.153453
0.134400
0.185326
0.212877
0.156079
0.188616
0.175722
0.135667
0.163882
0.151268
0.132790
0.173250
0.159856
0.215217
0.186179
0.216691
0.155538
0.171772
0.160309
0.159272
0.173044
0.145313
0.117591
0.187553
0.171458
0.188805
0.180853
0.141916
0.150257
0.139568
0.149828
0.176348
0.141748
0.231835
0.134632
0.365439
0.277616
0.185901
0.205992
0.250168
0.154562
0.125050
0.161602
0.187071
0.143790
0.196239
0.187748
0.157044
0.192344
0.151467
0.144273
0.162204
0.182175
0.160226
0.147190
0.164460
0.163863
0.122948
0.152201
0.166875
0.123464
0.125964
0.161317
0.147280
0.259343
0.196215
0.141673
0.171730
0.176236
0.150955
0.178392
0.155746
0.189516
0.164638
0.130453
0.118640
0.144574
0.153307
0.170236
0.157526
0.156921
0.168472
0.134965
0.311650
0.404155
0.203337
0.183608
0.166982
0.167853
0.182954
0.165772
0.135403
0.113628
0.153844
0.199757
0.188509
0.149406
0.209541
0.160371
0.163179
0.181618
0.134406
0.202658
0.142060
0.147656
0.148485
0.154476
0.166027
0.178019
0.178704
0.172771
0.156947
0.151148
0.178870
0.113149
0.143217
0.188683
0.128334
0.179911
0.137072
0.183940
0.129663
0.185415
0.166824
0.178320
0.162795
0.137578
0.145288
0.344004
0.284758
0.177997
0.174493
0.388784
0.241489
0.251318
0.187497
0.121423
0.128895
0.164178
0.172167
0.176725
0.146846
0.220739
0.135135
0.173515
0.145607
0.154370
0.181380
0.181823
0.143852
0.171434
0.194419
0.170796
0.173159
0.142687
0.157557
0.154246
0.172328
0.140187
0.137978
0.201574
0.182938
0.191698
0.150832
0.166504
0.172137
0.161789
0.144324
0.132618
0.138609
0.125598
0.203626
0.148026
0.146272
0.187164
0.176992
0.362233
0.606484
0.231314
0.188337
0.212499
0.186744
0.177991
0.130133
0.135491
0.157079
0.159596
0.192130
0.178947
0.173658
0.207164
0.137587
0.178769
0.114051
0.135406
0.130841
0.184091
0.146255
0.224181
0.127666
0.124780
0.155979
0.173224
0.142154
0.160075
0.213277
0.190035
0.142584
0.178349
0.126269
0.196317
0.122572
0.169456
0.127738
0.151026
0.169981
0.122629
0.119548
0.172205
0.427535
0.472126
0.264283
0.524291
0.401817
0.140248
0.162054
0.145446
0.134450
0.164099
0.133720
0.109943
0.149694
0.144016
0.162492
0.147208
0.163456
0.135113
0.145325
0.150227
0.157856
0.167867
0.169443
0.178763
0.134136
0.131857
0.132461
0.262176
0.134385
0.187026
0.146846
0.172695
0.211208
0.146045
0.129095
0.179494
0.348850
0.255851
0.251701
0.199902
0.140722
0.140004
0.157111
0.139249
0.174761
0.158139
0.164628
0.173266
0.174691
0.200879
0.222544
0.166898
0.209404
0.175943
0.247697
0.174297
0.196446
0.230299
0.178810
0.182150
0.192418
0.161438
0.162175
0.188895
0.158997
0.147653
0.193013
0.149695
0.137299
0.267641
0.148537
0.161556
0.232589
0.159843
0.171112
0.181969
1.146060
0.165948
0.171078
0.194870
0.242458
0.249308
0.308411
0.255719
0.305456
0.264686
0.216422
0.199591
0.245820
0.209778
0.240382
0.250133
0.189204
0.190524
0.637143
0.360326
0.211200
0.251214
0.197228
0.182404
0.222067
0.148009
0.278332
0.189635
0.257363
0.232514
0.229402
0.220839
0.270412
0.190952
0.204283
0.182897
0.548781
0.536581
0.180223
0.200426
0.198625
0.156015
0.158213
0.169782
0.207066
0.171118
0.205123
0.151594
0.198467
0.157189
0.245937
0.205408
0.271538
0.259553
0.176737
0.163199
0.155406
0.214810
0.158696
0.239566
0.225532
0.181041
0.135364
0.151679
0.190803
0.166679
0.150550
0.156984
0.149937
0.170132
0.167472
0.176963
0.389336
0.413036
0.180664
0.234145
0.170182
0.164546
0.233148
0.129896
0.113536
0.135187
0.119423
0.168894
0.136942
0.247407
0.139543
0.188483
0.167380
0.177086
0.301259
0.198381
0.248578
0.217891
0.205903
0.202051
0.146086
0.246942
0.243552
0.137322
0.171472
0.173355
0.152620
0.165758
0.146943
0.435641
0.539726
0.157491
0.133072
0.192915
0.165125
0.133168
0.405081
0.377507
0.159525
0.181553
0.124820
0.339999
0.223603
0.148184
0.174340
0.137126
0.128780
0.162274
0.190537
0.182489
0.169241
0.162767
0.194541
0.135806
0.119969
0.123640
0.221129
0.141216
0.200338
0.242807
0.226989
0.266562
0.189170
0.209149
0.184341
0.173499
0.176176
0.271332
0.237075
0.139822
0.174598
0.182704
0.236361
0.157254
0.130391
0.175897
0.202840
0.151400
0.164776
0.194039
0.130510
0.242896
0.146666
0.175533
0.295447
0.221596
0.501726
0.367960
0.225286
0.172656
0.270347
0.216130
0.153996
0.231077
0.245474
0.141267
0.219490
0.164144
0.206512
0.280137
0.142975
0.197710
0.146627
0.175780
0.173396
0.155240
0.170442
0.121818
0.197542
0.171661
0.292098
0.202417
0.207772
0.215036
0.209520
0.244582
0.167562
0.249437
0.115882
0.138257
0.233259
0.213835
0.333195
0.343763
0.302403
0.256992
0.183696
0.563293
0.200959
0.250425
0.299426
0.249897
0.195807
0.198844
0.310398
0.279286
0.252266
0.180072
0.145571
0.133556
0.242867
0.236635
0.141994
0.232708
0.291377
0.258926
0.136282
0.138281
0.137010
0.172527
0.204474
0.190925
0.187924
0.193885
0.180922
0.137910
0.164763
0.180577
0.154834
0.157406
0.159251
0.150813
0.180607
0.175521
0.186460
0.199423
0.129929
0.176640
0.205667
0.203084
0.204101
0.227371
0.178419
0.225428
0.426504
0.360663
0.207378
0.195336
0.193953
0.214018
0.224085
0.215901
0.145075
0.144084
0.228708
0.203519
0.224939
0.168386
0.151069
0.145848
0.197270
0.308528
0.234242
0.281297
0.141147
0.148856
0.154014
0.170465
0.153563
0.139082
0.167292
0.134481
0.182895
0.147557
0.153928
0.167924
0.170822
0.144464
0.174265
0.125144
0.148027
0.119481
0.226452
0.362256
0.335074
0.141687
0.156887
0.150543
0.190267
0.383824
0.337169
0.188651
0.170049
0.140443
0.179483
0.158607
0.150907
0.198714
0.153865
0.138208
0.263960
0.261645
0.192382
0.179390
0.153442
0.153649
0.137465
0.192028
0.152273
0.157872
0.169514
0.139980
0.235807
0.142156
0.154925
0.198851
0.159945
0.148813
0.130411
0.145611
0.177554
0.252009
0.129513
0.128352
0.225192
0.203555
0.493852
0.456681
0.206560
0.216118
0.212615
0.148982
0.171178
0.261384
0.259498
0.205292
0.178688
0.251863
0.280337
0.259091
0.166005
0.165582
0.149825
0.195746
0.321065
0.315458
0.254903
0.137858
0.280049
0.220811
0.164095
0.325324
0.153821
0.165836
0.230451
0.136150
0.190078
0.174149
0.200394
0.179832
0.271774
0.171995
0.245118
0.196895
0.222165
0.188745
0.229959
0.201254
0.805804
0.591966
0.207817
0.211825
0.267346
0.154089
0.190052
0.155065
0.214698
0.153905
0.159753
0.165921
0.150274
0.173278
0.222022
0.186852
0.154609
0.181769
0.199811
0.188885
0.137188
0.246864
0.177438
0.165908
0.304351
0.165545
0.190723
0.171076
0.129677
0.166859
0.160396
0.230566
0.139010
0.160177
0.185312
0.146320
0.148091
0.131497
0.142418
0.140074
0.165876
0.168404
0.160235
0.151333
0.151267
0.150529
0.187040
0.121213
0.169340
0.128383
0.236361
0.491731
0.379387
0.187648
0.202265
0.115306
0.134040
0.164993
0.152785
0.164339
0.182373
0.138090
0.155519
0.117538
0.147100
0.124423
0.159578
0.164765
0.159862
0.138154
0.193587
0.163328
0.193030
0.162599
0.192984
0.177378
0.139344
0.224372
0.218326
0.141273
0.208664
0.157773
0.222296
0.133354
0.194289
0.218430
0.286224
0.673869
0.372247
0.204694
0.177073
0.160852
0.197885
0.129462
0.133136
0.179219
0.153715
0.182903
0.137289
0.241766
0.185895
0.190329
0.224194
0.131385
0.109728
0.173984
0.193268
0.201671
0.163425
0.150955
0.225083
0.217506
0.200535
0.302670
0.229762
0.164935
0.141464
0.143493
0.307540
0.222240
0.127109
0.194971
0.130296
0.142747
0.201878
0.177023
0.123537
0.120639
0.282722
0.212079
0.197206
0.111879
0.524816
0.476933
0.214771
0.192354
0.205944
0.235654
0.238281
0.149057
0.228079
0.120473
0.211751
0.176486
0.252642
0.167051
0.168432
0.167504
0.187070
0.203759
0.169477
0.160903
0.122808
0.141701
0.169211
0.206349
0.246635
0.194517
0.186728
0.176571
0.181896
0.265564
0.167938
0.203948
0.134617
0.166721
0.150831
0.228617
0.155226
0.259746
0.184834
0.602082
0.388333
0.137898
0.163280
0.268562
0.408364
0.372253
0.290333
0.302021
0.147615
0.192346
0.215430
0.270323
0.213263
0.250394
0.230623
0.164823
0.216775
0.148376
0.160097
0.135993
0.132610
0.270894
0.182497
0.155070
0.239113
0.139664
0.125629
0.209524
0.135520
0.190148
0.132865
0.236536
0.197225
0.148031
0.218336
0.210966
0.198112
0.108161
0.165495
0.155956
0.151298
0.156344
0.177585
0.239504
0.132538
0.386928
0.263467
0.337071
0.217822
0.153108
0.189294
0.143035
0.211017
0.178234
0.196436
0.132311
0.142897
0.123766
0.191203
0.139258
0.135564
0.212368
0.110725
0.127484
0.133747
0.120458
0.135550
0.226895
0.146551
0.182694
0.190542
0.222960
0.147885
0.161325
0.227784
0.144981
0.306213
0.189975
0.146315
0.138050
0.231959
0.137326
0.187607
0.187456
0.458794
0.333803
0.235056
0.158005
0.126844
0.205810
0.145948
0.164669
0.226067
0.224424
0.463918
0.308028
0.195844
0.107711
0.196339
0.145162
0.139506
0.159266
0.153959
0.166534
0.157177
0.244263
0.206571
0.195617
0.133088
0.176996
0.168135
0.175307
0.127176
0.133299
0.229189
0.196098
0.215538
0.129908
0.166396
0.222705
0.167161
0.308214
0.472404
0.202961
0.143084
0.157110
0.137129
0.139625
0.204357
0.124226
0.208658
0.170793
0.183150
0.150300
0.132442
0.123085
0.197526
0.190615
0.132678
0.129053
0.156065
0.123270
0.134476
0.142404
0.132049
0.194893
0.167066
0.115142
0.114140
0.173518
0.154052
0.272625
0.149588
0.174121
0.164336
0.138365
0.165099
0.180592
0.173929
0.184825
0.138285
0.158381
0.214042
0.142929
0.397151
0.627020
0.158709
0.175546
0.154029
0.128917
0.214655
0.257305
0.187062
0.104685
0.132459
0.137468
0.191569
0.159545
0.148913
0.151688
0.108864
0.216793
0.187714
0.469101
0.384046
0.152355
0.169132
0.157215
0.147493
0.131046
0.106154
0.131715
0.193234
0.237582
0.150139
0.120059
0.138730
0.127072
0.121754
0.238403
0.444810
0.397730
0.163902
0.157799
0.136786
0.127779
0.127461
0.171066
0.174025
0.135321
0.165839
0.135976
0.154659
0.127066
0.124458
0.124048
0.175046
0.205152
0.140172
0.114543
0.168013
0.217604
0.129645
0.182585
0.141027
0.136100
0.173502
0.133652
0.123632
0.175143
0.218961
0.158531
0.133940
0.124085
0.138718
0.145444
0.167295
0.187604
0.186564
0.156624
0.156056
0.474321
0.265705
0.249404
0.162315
0.155546
0.157552
0.210524
0.128023
0.151194
0.136622
0.195479
0.127339
0.122871
0.158937
0.118969
0.159794
0.142995
0.134421
0.161843
0.186292
0.183178
0.216568
0.173499
0.121102
0.123804
0.159547
0.157760
0.164389
0.173089
0.180659
0.213973
0.200683
0.118895
0.120082
0.244067
0.226355
0.197851
0.129559
0.148638
0.171183
0.150004
0.494555
0.512826
0.243661
0.115177
0.162259
0.129299
0.115266
0.124004
0.112730
0.147312
0.183682
0.129487
0.169993
0.143386
0.157853
0.228309
0.200748
0.152473
0.178529
0.188944
0.141536
0.119856
0.176117
0.135093
0.164074
0.158033
0.207692
0.190756
0.154009
0.169676
0.161898
0.156919
0.195718
0.164977
0.213828
0.184858
0.139638
0.158414
0.139993
0.173589
0.161934
0.179576
0.146153
0.140359
0.139346
0.123484
0.337984
0.252559
0.176382
0.168655
0.177651
0.143383
0.157606
0.128440
0.219437
0.159937
0.163425
0.196788
0.219403
0.151977
0.179163
0.128089
0.251531
0.196357
0.176947
0.143476
0.215605
0.226899
0.123744
0.202934
0.107851
0.132293
0.159162
0.120819
0.188333
0.188426
0.121802
0.167612
0.154936
0.239537
0.117711
0.153525
0.217439
0.113993
0.136497
0.346083
0.375977
0.122658
0.157457
0.177682
0.334615
0.479199
0.177992
0.193833
0.186466
0.127087
0.198563
0.175065
0.133006
0.161082
0.191016
0.157912
0.147016
0.168277
0.149700
0.136495
0.132541
0.121212
0.167590
0.124392
0.164852
0.181655
0.174370
0.142821
0.213811
0.174096
0.145360
0.139482
0.185966
0.123145
0.221221
0.128549
0.157005
0.145856
0.147061
0.124670
0.156370
0.380946
0.403415
0.146793
0.133048
0.211914
0.123006
0.225579
0.178567
0.146030
0.168045
0.156376
0.166251
0.116906
0.154887
0.221561
0.157161
0.154287
0.121478
0.182317
0.170405
0.201672
0.144857
0.143809
0.180881
0.131064
0.167908
0.154193
0.219937
0.192946
0.192822
0.128478
0.129105
0.149449
0.138887
0.160147
0.151239
0.136324
0.293382
0.222480
0.399344
0.203157
0.161705
0.183417
0.155463
0.130046
0.121133
0.128676
0.155669
0.244001
0.422009
0.157042
0.176445
0.167541
0.131434
0.228275
0.177337
0.141263
0.198303
0.157587
0.112498
0.177574
0.155496
0.148705
0.258399
0.193618
0.152486
0.179890
0.170657
0.140755
0.195176
0.155603
0.148702
0.166698
0.166238
0.175648
0.159096
0.139618
0.145842
0.215984
0.138805
0.157148
0.119974
0.277224
0.349312
0.549718
0.149080
0.143946
0.189958
0.140616
0.161736
0.151515
0.172013
0.169027
0.136360
0.127231
0.144368
0.116071
0.156280
0.121163
0.161432
0.178929
0.182519
0.121578
0.195384
0.168533
0.141426
0.111159
0.143744
0.176400
0.125006
0.213106
0.183631
0.133926
0.165271
0.231197
0.164696
0.138934
0.205224
0.195659
0.181143
0.190571
0.239638
0.128410
0.113959
0.135439
0.220928
0.439752
0.369277
0.234316
0.204364
0.127690
0.190912
0.157589
0.151475
0.149423
0.227252
0.189587
0.173289
0.157296
0.162510
0.112052
0.385112
0.172402
0.380614
0.145522
0.193125
0.172289
0.133985
0.157741
0.124433
0.147637
0.129858
0.128765
0.128970
0.110348
0.107794
0.132473
0.179469
0.146628
0.129422
0.109545
0.113989
0.105811
0.162999
0.154715
0.416101
0.497812
0.213743
0.225821
0.180276
0.199066
0.171522
0.157125
0.172158
0.146849
0.201597
0.162659
0.170939
0.183156
0.166125
0.149200
0.183310
0.125575
0.134968
0.159002
0.218643
0.123321
0.207558
0.204472
0.144268
0.153893
0.138510
0.126383
0.182192
0.136253
0.185405
0.150055
0.204858
0.334299
0.456190
0.104930
0.153125
0.154921
0.178021
0.198126
0.138839
0.239435
0.123848
0.147488
0.200819
0.133226
0.150552
0.152931
0.170282
0.128257
0.147238
0.179165
0.142221
0.138736
0.126048
0.166101
0.157936
0.142242
0.164426
0.163345
0.195970
0.144181
0.125723
0.137641
0.156014
0.162235
0.163683
0.153711
0.174197
0.141211
0.153406
0.417671
0.359581
0.188437
0.131474
0.169789
0.112017
0.121673
0.275492
0.431675
0.158697
0.179739
0.111919
0.154109
0.117146
0.154326
0.168478
0.137413
0.145934
0.184530
0.134853
0.188624
0.168388
0.158636
0.150501
0.141789
0.146472
0.192894
0.179268
0.149813
0.145608
0.163889
0.138522
0.164051
0.191164
0.128127
0.143163
0.121413
0.140811
0.207929
0.197720
0.209459
0.203803
0.145748
0.189435
0.377308
0.472227
0.158590
0.226630
0.213519
0.147838
0.144363
0.195166
0.177881
0.148225
0.144982
0.158250
0.134960
0.185512
0.198628
0.196125
0.133085
0.165098
0.154834
0.159314
0.156047
0.125787
0.172396
0.161189
0.124974
0.152493
0.174722
0.195519
0.140726
0.139498
0.198953
0.212239
0.162039
0.180559
0.153728
0.128461
0.207898
0.147126
0.193477
0.163400
0.154365
0.170215
0.167512
0.154528
0.130272
0.114999
0.465921
0.136928
0.194983
0.644661
0.504778
0.211497
0.182509
0.183885
0.159876
0.165765
0.168787
0.149961
0.143655
0.173242
0.152291
0.136113
0.146592
0.151735
0.183530
0.144035
0.165718
0.132457
0.172165
0.159851
0.161686
0.169091
0.159525
0.161320
0.167518
0.175726
0.166444
0.216182
0.138063
0.198516
0.148118
0.171165
0.158869
0.192321
0.246390
0.134806
0.157927
0.170510
0.138447
0.152865
0.221895
0.270464
0.285637
0.238448
0.166688
0.144724
0.164839
0.166257
0.169765
0.143634
0.150348
0.187968
0.157429
0.177819
0.143889
0.126894
0.124079
0.214945
0.192078
0.142087
0.168792
0.163520
0.126294
0.133860
0.143074
0.124137
0.210807
0.184975
0.158637
0.133013
0.190204
0.130308
0.241890
0.221414
0.224734
0.270241
0.180366
0.143281
0.152524
0.220222
0.166074
0.159792
0.163430
0.199954
0.477758
0.467623
0.125034
0.162410
0.134919
0.149041
0.368562
0.174149
0.174472
0.119736
0.138509
0.148745
0.127413
0.181097
0.177636
0.167193
0.150611
0.173693
0.161564
0.166224
0.163841
0.172702
0.141476
0.145696
0.175643
0.174761
0.172141
0.137087
0.126401
0.157324
0.212597
0.225128
0.124448
0.140778
0.190142
0.215523
0.221302
0.257672
0.187131
0.170100
0.146562
0.138959
0.141657
0.169943
0.199666
0.191020
0.155939
0.385738
0.387520
0.133416
0.237410
0.185406
0.135244
0.115220
0.164850
0.201721
0.195669
0.123316
0.171889
0.190209
0.126925
0.162481
0.107750
0.125895
0.140477
0.196539
0.208521
0.172913
0.147264
0.104999
0.149228
0.118551
0.158238
0.260287
0.173543
0.213352
0.159650
0.159200
0.167174
0.207510
0.160004
0.215768
0.128188
0.538055
0.371082
0.165785
0.186545
0.209580
0.221957
0.236346
0.176585
0.095404
0.189927
0.192931
0.257846
0.136294
0.167231
0.216853
0.185344
0.417409
0.135055
0.168672
0.161327
0.162856
0.189121
0.146496
0.175760
0.182485
0.197458
0.119092
0.165762
0.172591
0.150468
0.135543
0.150174
0.173044
0.188677
0.132129
0.347601
0.452633
0.225234
0.124448
0.149474
0.138401
0.155325
0.148287
0.232641
0.167761
0.148058
0.212628
0.147392
0.187974
0.168108
0.177599
0.147112
0.160682
0.141386
0.134830
0.227388
0.114286
0.145426
0.182264
0.145312
0.180112
0.240392
0.197534
0.184713
0.122036
0.144318
0.179617
0.132791
0.182163
0.136236
0.148266
0.194733
0.141585
0.128864
0.122441
0.121181
0.151423
0.132707
0.423696
0.344546
0.244060
0.168724
0.120462
0.158525
0.162922
0.168589
0.191909
0.134984
0.169317
0.190527
0.164631
0.123976
0.155662
0.184569
0.224988
0.170978
0.152403
0.145424
0.154582
0.209782
0.131547
0.147024
0.128522
0.272533
0.201231
0.128066
0.155607
0.179133
0.420762
0.406153
0.149616
0.157149
0.154553
0.180043
0.147704
0.221883
0.122859
0.167508
0.111704
0.166571
0.152824
0.158873
0.164852
0.423574
0.455389
0.135265
0.215158
0.174785
0.217585
0.185536
0.132436
0.182822
0.187722
0.126145
0.115073
0.132839
0.146415
0.148243
0.177818
0.176500
0.142132
0.170263
0.156504
0.149246
0.244966
0.171714
0.115964
0.153853
0.143151
0.150884
0.135230
0.124049
0.166691
0.165420
0.167587
0.220316
0.119323
0.134939
0.183939
0.203763
0.109067
0.368399
0.398539
0.156595
0.161609
0.186163
0.137531
0.129305
0.132619
0.149800
0.146619
0.153729
0.136394
0.161518
0.167664
0.292763
0.159569
0.139786
0.136136
0.192090
0.176488
0.185076
0.196137
0.181464
0.213982
0.161218
0.146122
0.229867
0.163409
0.153597
0.185453
0.178959
0.236378
0.166754
0.124707
0.183944
0.221828
0.152290
0.208133
0.556825
0.225201
0.180118
0.176046
0.143360
0.135495
0.144485
0.234991
0.128582
0.705160
0.274030
0.152879
0.152563
0.112967
0.198612
0.141985
0.168756
0.146378
0.141632
0.152386
0.155186
0.170996
0.110180
0.191757
0.187082
0.131478
0.138478
0.176101
0.160218
0.146131
0.165492
0.176917
0.116850
0.153725
0.147840
0.126743
0.190441
0.210404
0.194119
0.163835
0.151579
0.164291
0.148840
0.176596
0.142813
0.217259
0.232127
0.325238
0.542077
0.158490
0.232087
0.218862
0.160627
0.152111
0.207373
0.148590
0.202815
0.168357
0.183139
0.193652
0.163137
0.194877
0.142546
0.181524
0.143500
0.149415
0.169881
0.200713
0.165813
0.131994
0.152316
0.172573
0.134684
0.150256
0.250338
0.159673
0.126488
0.163338
0.121192
0.208116
0.147273
0.195065
0.136097
0.160305
0.119672
0.222428
0.167508
0.140773
0.477893
0.905880
0.359740
0.142909
0.191849
0.195420
0.200172
0.173740
0.167164
0.149170
0.172016
0.167292
0.126115
0.163198
0.133435
0.188321
0.152053
0.171386
0.146444
0.198131
0.160983
0.181623
0.257168
0.147422
0.152888
0.134590
0.209283
0.160870
0.182946
0.212428
0.198434
0.154191
0.117567
0.192124
0.173308
0.343002
0.452313
0.184880
0.214094
0.170050
0.210002
0.151708
0.189145
0.165094
0.170619
0.256147
0.183906
0.175095
0.132877
0.271201
0.149571
0.212070
0.155421
0.178657
0.168450
0.220095
0.117961
0.116450
0.128845
0.153302
0.131894
0.173251
0.141464
0.124455
0.131816
0.211216
0.170420
0.125199
0.194481
0.166742
0.143569
0.151689
0.416303
0.529773
0.143570
0.192706
0.171919
0.180409
0.133830
0.150593
0.170095
0.201554
0.209894
0.208021
0.223294
0.175706
0.170349
0.320293
0.198628
0.256815
0.461958
0.402834
0.145726
0.179294
0.235338
0.146922
0.328414
0.111285
0.223390
0.232235
0.279764
0.239594
0.442692
0.250445
0.230805
0.253729
0.191155
0.278873
0.239004
0.120015
0.258027
0.196165
0.206272
0.162610
0.482395
0.665250
0.214376
0.154678
0.151162
0.219645
0.258051
0.162498
0.162593
0.223573
0.188955
0.242921
0.166283
0.180728
0.158117
0.221935
0.196106
0.359264
0.206242
0.166515
0.157095
0.234625
0.188820
0.137176
0.192526
0.150628
0.191803
0.158976
0.153165
0.158240
0.139765
0.161698
0.181188
0.152681
0.167252
0.133925
0.297195
0.135438
0.201222
0.526288
0.417231
0.189596
0.212617
0.193056
0.233589
0.216179
0.201812
0.173452
0.214615
0.146032
0.181628
0.202994
0.192557
0.195236
0.244199
0.158987
0.189566
0.178129
0.158177
0.221279
0.125871
0.214725
0.155804
0.192632
0.184453
0.387016
0.486568
0.212058
0.269612
0.139108
0.187652
0.148727
0.234783
0.227781
0.191019
0.204789
0.166404
0.170164
0.159943
0.172986
0.181977
0.142652
0.224353
0.869911
0.656517
0.480507
0.168919
0.215948
0.232814
0.124054
0.282714
0.253001
0.204776
0.105258
0.234297
0.197751
0.233730
0.231887
0.249664
0.212662
0.135612
0.266908
0.151709
0.247926
0.222533
0.121550
0.133943
0.197875
0.145592
0.322703
0.236321
0.193670
0.142501
0.336737
0.204975
0.126871
0.195395
0.116076
0.261615
0.283043
0.194699
0.220102
0.276390
0.248966
0.307703
0.289782
0.247430
0.350624
0.231960
0.350742
0.179522
0.171125
0.159893
0.174866
0.201096
0.203780
0.181511
0.164694
0.162711
0.139850
0.139715
0.189890
0.264201
0.232149
0.159194
0.335543
0.178949
0.187169
0.178083
0.186945
0.120954
0.148373
0.137527
0.239193
0.139146
0.160003
0.247617
0.149260
0.253813
0.213299
0.296824
0.696625
0.269341
0.280426
0.262338
0.212592
0.481829
0.356772
0.232027
0.179705
0.173777
0.137766
0.136500
0.133331
0.217676
0.140691
0.174149
0.199191
0.138292
0.226378
0.181927
0.340202
0.137640
0.141125
0.223855
0.149335
0.141678
0.159463
0.229368
0.153833
0.156599
0.277320
0.145442
0.134934
0.153989
0.116009
0.138990
0.159153
0.132941
0.247247
0.187439
0.207977
0.254301
0.223374
0.170502
0.137354
0.247429
0.134791
0.394751
0.601800
0.241000
0.156732
0.224897
0.201687
0.176323
0.160329
0.140282
0.154439
0.171847
0.228078
0.242120
0.165317
0.161766
0.231033
0.156489
0.190699
0.160586
0.144048
0.144977
0.201690
0.248781
0.212074
0.132726
0.148677
0.211304
0.135618
0.225151
0.151083
0.150381
0.153065
0.146009
0.254638
0.218364
0.217193
0.402600
0.423024
0.281333
0.141483
0.184823
0.141258
0.168899
0.367216
0.147262
0.194150
0.217606
0.124568
0.168210
0.143549
0.187527
0.191424
0.245963
0.174251
0.230058
0.203515
0.192580
0.252569
0.167638
0.202140
0.160285
0.197139
0.165027
0.133765
0.252147
0.273767
0.268417
0.216489
0.285678
0.251844
0.248014
0.205766
0.211693
0.191415
0.162319
0.346388
0.506566
0.166329
0.217233
0.161881
0.238432
0.163537
0.296585
0.179201
0.177488
0.155139
0.254702
0.165862
0.307446
0.172060
0.264357
0.242780
0.191565
0.179498
0.389538
0.134646
0.268400
0.245630
0.221261
0.238165
0.236234
0.236127
0.241738
0.173973
0.139341
0.152633
0.207648
0.230130
0.145105
0.143468
0.152828
0.199651
0.294432
0.566348
0.430168
0.145049
0.203670
0.169611
0.140732
0.149762
0.238590
0.194047
0.138137
0.215738
0.164375
0.134899
0.144282
0.186179
0.160062
0.142110
0.528809
0.307035
0.372191
0.188428
0.138481
0.168280
0.156619
0.167278
0.202000
0.187652
0.195599
0.149664
0.156713
0.176456
0.146293
0.191761
0.158692
0.114856
0.336135
0.184644
0.146513
0.109957
0.138403
0.144760
0.199827
0.407520
0.485873
0.209191
0.288375
0.169328
0.208066
0.201350
0.142386
0.165868
0.150869
0.141934
0.179119
0.200295
0.173459
0.158228
0.131966
0.195268
0.147172
0.183592
0.136011
0.116869
0.150915
0.135529
0.159038
0.162973
0.118415
0.195084
0.148870
0.204417
0.180824
0.152405
0.126249
0.140995
0.120134
0.164625
0.139377
0.150422
0.378909
0.214809
0.328772
0.251186
0.132527
0.182282
0.139368
0.175503
0.180242
0.209255
0.194482
0.146563
0.245689
0.165175
0.162431
0.154425
0.198255
0.144624
0.130148
0.134120
0.158060
0.142605
0.131951
0.145950
0.127230
0.149452
0.130512
0.164119
0.197491
0.256648
0.265426
0.395606
0.159872
0.153442
0.141735
0.143435
0.209302
0.173776
0.206931
0.172213
0.141244
0.138619
0.166476
0.207953
0.212535
0.169480
0.187119
0.170339
0.191589
0.192592
0.362337
0.469268
0.329232
0.206565
0.172533
0.197930
0.175650
0.128475
0.178374
0.195542
0.196558
0.226446
0.250455
0.113116
0.203050
0.135246
0.235236
0.227949
0.153986
0.168551
0.197198
0.162782
0.257658
0.158269
0.308417
0.209692
0.180772
0.194024
0.207489
0.197287
0.256266
0.223518
0.229954
0.156279
0.218727
0.475836
0.553015
0.179013
0.228758
0.139224
0.246271
0.157181
0.192689
0.228892
0.231556
0.176885
0.200107
0.127529
0.118036
0.136969
0.177962
0.193076
0.156256
0.173319
0.174619
0.169795
0.146702
0.234246
0.164921
0.158479
0.199159
0.208856
0.185811
0.225613
0.112028
0.139991
0.436222
0.178270
0.218237
0.165314
0.121739
0.214270
0.202845
0.124373
0.155064
0.517691
0.404704
0.235468
0.239084
0.191776
0.167910
0.166888
0.151451
0.252377
0.127380
0.183939
0.186601
0.162615
0.177211
0.127642
0.180475
0.161829
0.125382
0.255976
0.165244
0.193714
0.134089
0.178637
0.198042
0.187274
0.223585
0.150561
0.120172
0.303540
0.137649
0.204694
0.296664
0.256121
0.211247
0.253662
0.152648
0.153990
0.173929
0.156230
0.150789
0.576249
0.447288
0.214854
0.145121
0.167109
0.142125
0.145431
0.147437
0.162135
0.201947
0.153464
0.133105
0.150134
0.164948
0.170232
0.171973
0.152204
0.192180
0.150139
0.159020
0.185304
0.191211
0.238109
0.174923
0.140034
0.192283
0.198213
0.146662
0.168332
0.227107
0.144663
0.167447
0.158390
0.164654
0.134912
0.168944
0.316132
0.298257
0.344637
0.235905
0.220793
0.161558
0.213698
0.132989
0.462256
0.326661
0.189310
0.229987
0.210311
0.117328
0.185024
0.219357
0.164391
0.190072
0.220952
0.175644
0.148620
0.202034
0.157696
0.193120
0.202106
0.159256
0.162243
0.208723
0.140282
0.164785
0.197643
0.306892
0.161062
0.155150
0.168005
0.186847
0.195250
0.184841
0.529605
0.405804
0.189081
0.148068
0.135256
0.156643
0.212011
0.217437
0.162961
0.110228
0.192893
0.146292
0.233352
0.145922
0.112156
0.216163
0.186321
0.147146
0.159425
0.120572
0.144167
0.162438
0.143555
0.184707
0.142833
0.194882
0.262697
0.217967
0.149074
0.160925
0.153552
0.170192
0.148966
0.184492
0.173240
0.199619
0.134953
0.209284
0.214659
0.593033
0.246572
0.229947
0.159619
0.205838
0.140186
0.143736
0.183549
0.207362
0.162547
0.219186
0.121804
0.191036
0.216874
0.126390
0.217328
0.203558
0.215681
0.202077
0.192574
0.145892
0.122231
0.169745
0.403894
0.603680
0.132624
0.170796
0.127380
0.213057
0.235482
0.122031
0.182168
0.192933
0.249740
0.162603
0.158436
0.148566
0.148869
0.202917
0.374139
0.470247
0.159036
0.119960
0.135116
0.125076
0.182027
0.150105
0.168554
0.131521
0.139329
0.174481
0.134866
0.288700
0.246824
0.230186
0.172940
0.169949
0.162587
0.121338
0.172382
0.170802
0.176166
0.158184
0.149720
0.148631
0.144891
0.237853
0.181079
0.192953
0.258502
0.125221
0.173112
0.186020
0.196109
0.185906
0.126116
0.179199
0.522122
0.469528
0.181161
0.168558
0.179643
0.191912
0.155192
0.181583
0.220986
0.165718
0.172733
0.196557
0.174980
0.136093
0.159855
0.176091
0.208039
0.150574
0.243283
0.135459
0.128396
0.177009
0.168634
0.182059
0.182657
0.156054
0.186773
0.179119
0.131981
0.141659
0.198818
0.171838
0.163863
0.177178
0.255181
0.233317
0.189768
0.417805
0.375808
0.162693
0.183510
0.198542
0.186040
0.218010
0.573399
0.284132
0.206892
0.149825
0.164064
0.129610
0.140360
0.157344
0.146196
0.154790
0.187098
0.189440
0.184469
0.193259
0.124402
0.163169
0.194302
0.135846
0.180511
0.117395
0.224913
0.146818
0.199749
0.175690
0.184759
0.131511
0.212902
0.164532
0.203135
0.189342
0.139342
0.165658
0.231620
0.124356
0.153395
0.139283
0.197334
0.207301
0.160759
0.197280
0.187997
0.178299
0.141352
0.475024
0.437853
0.158495
0.230365
0.168179
0.224022
0.150683
0.138524
0.151927
0.156335
0.200484
0.195934
0.146063
0.190184
0.140688
0.145917
0.179361
0.183639
0.214899
0.215523
0.121825
0.132933
0.185786
0.143135
0.137267
0.262001
0.196993
0.226433
0.227921
0.146480
0.199310
0.172244
0.210280
0.215772
0.244096
0.172210
0.181016
0.475857
0.243494
0.147854
0.247734
0.146928
0.208568
0.185780
0.254938
0.213714
0.142770
0.208886
0.159715
0.131372
0.127970
0.166205
0.130673
0.118672
0.171296
0.140102
0.146799
0.172398
0.197746
0.189830
0.182991
0.172877
0.125307
0.161535
0.211802
0.161617
0.230486
0.261062
0.205349
0.136077
0.238707
0.140065
0.185887
0.186036
0.188654
0.094137
0.107860
0.127815
0.165965
0.183772
0.184883
0.144998
0.181671
0.191777
0.150108
0.106146
0.171403
0.290943
0.430421
0.141295
0.206096
0.118003
0.159907
0.162448
0.176397
0.194244
0.170697
0.138266
0.158305
0.148127
0.126147
0.149653
0.154441
0.142892
0.113909
0.127600
0.140700
0.184929
0.130675
0.139716
0.159461
0.148526
0.159162
0.251381
0.191826
0.136643
0.177226
0.181104
0.140097
0.185434
0.208538
0.167196
0.125333
0.168571
0.178497
0.164463
0.179795
0.158339
0.385330
0.585008
0.269169
0.186204
0.160743
0.178496
0.143459
0.139118
0.132916
0.162447
0.173752
0.126877
0.097418
0.220869
0.115776
0.138904
0.187159
0.171883
0.115597
0.144147
0.152942
0.192039
0.177798
0.193256
0.147795
0.137672
0.164650
0.173699
0.186325
0.158943
0.166227
0.161323
0.127626
0.129465
0.319705
0.197322
0.154781
0.165463
0.151261
0.150908
0.116043
0.143163
0.144769
0.142761
0.203791
0.185791
0.458571
0.476405
0.162725
0.149238
0.116133
0.258886
0.207860
0.161115
0.142252
0.169861
0.204735
0.175653
0.182109
0.178828
0.153161
0.161730
0.160140
0.189355
0.144974
0.144724
0.158075
0.133663
0.165291
0.164740
0.124903
0.180202
0.180238
0.202511
0.148084
0.145690
0.135552
0.167281
0.166184
0.162327
0.188995
0.139707
0.168267
0.150764
0.201286
0.220203
0.172189
0.175891
0.153726
0.147892
0.504436
0.344228
0.402367
0.284767
0.142159
0.170275
0.139414
0.129817
0.201865
0.125999
0.148065
0.130661
0.202167
0.173018
0.144138
0.103236
0.173983
0.131471
0.106157
0.154527
0.114000
0.139408
0.135606
0.141927
0.130917
0.143438
0.153020
0.127906
0.157677
0.144859
0.175856
0.171954
0.207548
0.131599
0.245095
0.130439
0.155855
0.460904
0.248916
0.259902
0.145606
0.141807
0.164847
0.194639
0.175399
0.155668
0.128301
0.196450
0.127205
0.167692
0.151261
0.140895
0.190059
0.160959
0.162337
0.163319
0.342382
0.131438
0.172518
0.168023
0.203686
0.193488
0.142570
0.151609
0.133093
0.152562
0.135529
0.200196
0.200366
0.416409
0.498576
0.170552
0.162468
0.163310
0.125984
0.172450
0.172731
0.169606
0.141612
0.188176
0.165743
0.152290
0.138083
0.174058
0.152518
0.121029
0.165663
0.231676
0.168844
0.199221
0.880119
0.146938
0.231286
0.113141
0.138832
0.125302
0.185558
0.139351
0.214069
0.175905
0.147543
0.158730
0.222165
0.172995
0.166259
0.179498
0.158425
0.161593
0.399276
0.324122
0.210719
0.141499
0.159758
0.186227
0.210836
0.169846
0.152051
0.168836
0.211411
0.174023
0.183039
0.181407
0.211671
0.138620
0.221016
0.249268
0.146920
0.214032
0.144994
0.227002
0.237623
0.182378
0.207887
0.145421
0.163754
0.205080
0.271408
0.142247
0.162873
0.159609
0.198465
0.221577
0.178797
0.130377
0.178044
0.132824
0.137843
0.230453
0.175219
0.531812
0.503811
0.166148
0.161683
0.178870
0.179533
0.155831
0.195588
0.172205
0.227780
0.119533
0.155563
0.146713
0.185807
0.143535
0.237991
0.191884
0.176641
0.168492
0.123115
0.196086
0.159160
0.190357
0.141821
0.214615
0.212618
0.216608
0.160529
0.576057
0.483000
0.133833
0.173236
0.190538
0.130355
0.153816
0.230999
0.534837
0.371164
0.132723
0.176677
0.149613
0.139800
0.187029
0.130640
0.157380
0.144770
0.168520
0.184341
0.146755
0.201745
0.167512
0.192660
0.178616
0.124579
0.182933
0.189325
0.192757
0.128858
0.219914
0.144603
0.233417
0.234982
0.134812
0.207520
0.148159
0.190014
0.238029
0.143626
0.165159
0.167845
0.128217
0.155489
0.185955
0.223727
0.211673
0.144134
0.189026
0.177467
0.710905
0.358888
0.204310
0.137641
0.138659
0.171193
0.170796
0.154047
0.129226
0.167684
0.206836
0.155123
0.112393
0.140811
0.165671
0.267677
0.152726
0.174973
0.168735
0.149081
0.151572
0.224708
0.143622
0.188321
0.235206
0.209383
0.222884
0.177592
0.201284
0.172543
0.236012
0.139021
0.162518
0.211403
0.170566
0.200489
0.166482
0.623637
0.326267
0.160397
0.189428
0.150045
0.119371
0.201517
0.150435
0.159965
0.228800
0.175845
0.137952
0.185554
0.138113
0.122649
0.203092
0.144956
0.163964
0.173206
0.148862
0.189949
0.178016
0.141421
0.167299
0.189741
0.153001
0.129865
0.151681
0.144629
0.176925
0.122138
0.116427
0.211521
0.132531
0.156442
0.266384
0.262473
0.114378
0.198683
0.178277
0.162831
0.137039
0.424978
0.206958
0.294171
0.161121
0.129541
0.174264
0.167169
0.167022
0.264303
0.137199
0.133352
0.127674
0.179326
0.186890
0.171124
0.105944
0.152811
0.139360
0.187627
0.141217
0.124774
0.111526
0.171815
0.127425
0.130708
0.137618
0.103156
0.195778
0.141014
0.147375
0.177518
0.098283
0.128486
0.192775
0.142147
0.123353
0.158666
0.152228
0.147394
0.160495
0.164103
0.233419
0.157948
0.138258
0.171983
0.141918
0.370224
0.240531
0.270827
0.164377
0.129352
0.393086
0.208169
0.141188
0.162295
0.163304
0.118484
0.183133
0.170183
0.134520
0.181058
0.152933
0.109691
0.162365
0.156930
0.194641
0.161124
0.149013
0.139292
0.154824
0.157129
0.156674
0.129922
0.123758
0.139740
0.157897
0.130360
0.130381
0.166644
0.119086
0.134749
0.136936
0.172711
0.176854
0.166465
0.167140
0.438234
0.261248
0.142607
0.174589
0.215799
0.154451
0.125854
0.139118
0.102486
0.197280
0.166968
0.125236
0.207636
0.179672
0.224704
0.143640
0.147473
0.133593
0.147817
0.160293
0.193540
0.169038
0.139060
0.144317
0.116330
0.153281
0.192366
0.147948
0.144837
0.137163
0.198094
0.188793
0.119916
0.111357
0.195570
0.129111
0.154976
0.340006
0.395242
0.168500
0.131489
0.164435
0.127943
0.164580
0.159867
0.198345
0.196745
0.166534
0.177698
0.134928
0.130151
0.163524
0.142584
0.142956
0.141771
0.171352
0.386791
0.246908
0.301213
0.147255
0.159150
0.133636
0.200514
0.161485
0.148720
0.130259
0.141301
0.239905
0.149549
0.184355
0.186882
0.184483
0.146264
0.160167
0.147893
0.473115
0.532554
0.195197
0.188871
0.127621
0.133379
0.152094
0.155007
0.161725
0.110705
0.268264
0.187545
0.136097
0.120785
0.114331
0.123766
0.164340
0.134454
0.234817
0.165605
0.209302
0.186006
0.170322
0.143984
0.193453
0.166501
0.116454
0.195587
0.145900
0.150621
0.169531
0.183611
0.160283
0.175282
0.252503
0.166403
0.243534
0.128599
0.175957
0.190575
0.476913
0.516892
0.250415
0.146533
0.216771
0.239213
0.237406
0.121236
0.165977
0.141514
0.193434
0.207941
0.159209
0.125486
0.162458
0.169489
0.162889
0.193715
0.150768
0.139208
0.123647
0.142302
0.145348
0.228188
0.217510
0.131588
0.141847
0.167093
0.121784
0.162658
0.190030
0.176200
0.133340
0.179116
0.751981
0.181682
0.165833
0.140640
0.237965
0.138410
0.123855
0.332330
0.235379
0.230380
0.170653
0.152250
0.188539
0.152900
0.146721
0.170783
0.116067
0.153538
0.121785
0.133358
0.182618
0.143928
0.168264
0.110476
0.161320
0.149059
0.194220
0.181175
0.162830
0.116233
0.245326
0.141991
0.219222
0.123817
0.177944
0.171524
0.163047
0.154503
0.165546
0.164991
0.189836
0.173170
0.194283
0.157588
0.141764
0.177655
0.172405
0.545260
0.405393
0.131367
0.130372
0.175166
0.141374
0.181097
0.123347
0.155770
0.176958
0.145435
0.133012
0.196480
0.181536
0.138218
0.139220
0.162822
0.128176
0.156130
0.211109
0.194136
0.202835
0.156988
0.203358
0.147120
0.144224
0.161925
0.184212
0.183973
0.117432
0.198565
0.148766
0.134522
0.307961
0.283068
0.202391
0.163391
0.211388
0.178941
0.190386
0.179087
0.339458
0.236031
0.187618
0.147913
0.131895
0.163770
0.181444
0.191611
0.156647
0.145016
0.193813
0.204861
0.176897
0.225498
0.218855
0.155289
0.241209
0.174490
0.189603
0.182592
0.136416
0.152120
0.125200
0.209146
0.116189
0.201120
0.128280
0.174149
0.135136
0.153929
0.803855
0.193615
0.179039
0.152489
0.176476
0.180347
0.233221
0.114271
0.142799
0.169498
0.179198
0.161667
0.216012
0.179714
0.148711
0.129075
0.275071
0.165196
0.167491
0.182575
0.212925
0.196384
0.240573
0.278417
0.184252
0.212471
0.195320
0.132147
0.152564
0.195571
0.125106
0.138483
0.295081
0.373097
0.210340
0.226203
0.194128
0.163146
0.125790
0.122983
0.123018
0.181470
0.136078
0.137207
0.166383
0.156686
0.178049
0.155501
0.166565
0.148671
0.154165
0.184985
0.195516
0.169245
0.157209
0.131760
0.122673
0.275457
0.176333
0.127425
0.131721
0.172185
0.157440
0.427255
0.388498
0.108002
0.159175
0.139629
0.388196
0.442821
0.145296
0.130482
0.172091
0.169073
0.176721
0.135290
0.160407
0.133309
0.192666
0.198926
0.117430
0.188976
0.132857
0.162978
0.163052
0.195693
0.175569
0.178619
0.122582
0.171779
0.148118
0.219135
0.133609
0.150389
0.145096
0.131104
0.154490
0.160646
0.163506
0.174844
0.139913
0.127329
0.174195
0.161408
0.133336
0.739641
0.135919
0.174245
0.159506
0.226968
0.131880
0.126959
0.131470
0.130758
0.138748
0.151665
0.131130
0.139947
0.161566
0.114793
0.172803
0.135840
0.190757
0.142981
0.136452
0.181956
0.166794
0.210864
0.145395
0.146227
0.180967
0.133393
0.151283
0.193026
0.129933
0.168721
0.199376
0.171246
0.177840
0.143378
0.187698
0.173421
0.154955
0.209220
0.241904
0.102031
0.122721
0.182063
0.187009
0.128820
0.178645
0.144050
0.496601
0.214443
0.210845
0.184838
0.138276
0.217540
0.114020
0.143278
0.137372
0.168661
0.232085
0.147946
0.125063
0.164280
0.173091
0.177587
0.206603
0.208486
0.129712
0.132545
0.117921
0.182665
0.202680
0.132216
0.178322
0.144150
0.247693
0.211504
0.144309
0.139790
0.177343
0.187101
0.175658
0.133271
0.182270
0.133536
0.156143
0.169499
0.170889
0.202055
0.253216
0.466154
0.176151
0.232779
0.152269
0.134505
0.214109
0.130042
0.272269
0.122676
0.218176
0.208163
0.241436
0.129958
0.120104
0.192589
0.200964
0.209791
0.136576
0.231088
0.178848
0.122949
0.209274
0.159695
0.189756
0.164703
0.130112
0.202502
0.135328
0.163020
0.163777
0.173786
0.139572
0.123186
0.144262
0.144134
0.134032
0.203862
0.168525
0.159149
0.177332
0.132123
0.134283
0.192611
0.134054
0.133498
0.289642
0.243103
0.503901
0.243878
0.186369
0.201030
0.139176
0.121351
0.146433
0.138031
0.138865
0.218531
0.131690
0.261658
0.140753
0.132026
0.135344
0.150467
0.166112
0.179643
0.142860
0.143728
0.233295
0.144763
0.134488
0.155547
0.145440
0.137067
0.171910
0.155359
0.182249
0.155277
0.152980
0.124951
0.146481
0.144019
0.147827
0.134952
0.289175
0.491489
0.152513
0.172914
0.199669
0.141356
0.179559
0.128877
0.130217
0.132656
0.153802
0.158419
0.153969
0.146754
0.170681
0.227052
0.161300
0.148746
0.150817
0.129738
0.116345
0.143756
0.129879
0.218551
0.178119
0.121519
0.161394
0.189750
0.151610
0.192811
0.228659
0.146996
0.178066
0.171972
0.174690
0.148938
0.154696
0.185918
0.137878
0.185401
0.184578
0.128115
0.151670
0.135460
0.160640
0.170701
0.135526
0.351127
0.555521
0.210448
0.151372
0.106910
0.155732
0.165935
0.206658
0.420878
0.538210
0.143422
0.186467
0.146975
0.181936
0.191339
0.143024
0.135721
0.168012
0.128495
0.137845
0.107722
0.130647
0.153489
0.133110
0.192108
0.126510
0.133000
0.167364
0.143682
0.150795
0.142981
0.219487
0.145418
0.164094
0.170809
0.147353
0.171473
0.137084
0.151062
0.365533
0.485146
0.152252
0.184107
0.150662
0.097433
0.114121
0.165231
0.110039
0.207483
0.189971
0.213895
0.187407
0.144191
0.149332
0.139158
0.148877
0.130313
0.164447
0.131549
0.139477
0.167192
0.156361
0.188867
0.159945
0.154303
0.184796
0.116990
0.139101
0.214765
0.130090
0.125507
0.153500
0.220990
0.143572
0.196441
0.187231
0.146196
0.157637
0.385186
0.400746
0.145513
0.177764
0.148448
0.147533
0.161367
0.124040
0.147438
0.311870
0.155025
0.150830
0.197708
0.183945
0.145077
0.171913
0.140707
0.147097
0.121158
0.174630
0.333967
0.175429
0.179903
0.192814
0.174711
0.161993
0.180822
0.136610
0.137452
0.115402
0.212565
0.137216
0.185676
0.308256
0.210231
0.145200
0.140849
0.181462
0.357947
0.423683
0.158532
0.245672
0.145150
0.171328
0.116929
0.159146
0.151585
0.154331
0.165653
0.142335
0.131459
0.187510
0.122022
0.164033
0.143180
0.122189
0.230690
0.155255
0.177034
0.174438
0.150015
0.149360
0.141494
0.172330
0.132889
0.184146
0.187325
0.113974
0.166247
0.119831
0.189168
0.131627
0.139551
0.196440
0.147243
0.165947
0.129664
0.204726
0.181647
0.176706
0.144666
0.137667
0.224557
0.439195
0.341484
0.295736
0.194163
0.171646
0.120556
0.140606
0.189901
0.224363
0.150398
0.205228
0.169874
0.248594
0.189732
0.171415
0.155352
0.235326
0.206845
0.188879
0.187926
0.180399
0.219974
0.141852
0.187190
0.189297
0.161951
0.146366
0.735007
0.144945
0.177625
0.110444
0.148096
0.131940
0.133158
0.188997
0.390870
0.244500
0.276531
0.196461
0.178858
0.120924
0.131224
0.174613
0.157949
0.148992
0.144533
0.177324
0.156298
0.251816
0.153727
0.171118
0.141811
0.154628
0.156371
0.120754
0.133320
0.185827
0.181149
0.182997
0.115204
0.176962
0.108785
0.161342
0.155394
0.188075
0.198513
0.158291
0.194984
0.097030
0.217942
0.176073
0.160739
0.207417
0.181912
0.144450
0.112581
0.150781
0.247505
0.175944
0.524865
0.451936
0.210444
0.120734
0.221808
0.158162
0.148082
0.191830
0.201312
0.140353
0.192737
0.171449
0.173882
0.163987
0.323555
0.132270
0.150895
0.137129
0.162723
0.185646
0.178035
0.126524
0.163931
0.162868
0.198528
0.157322
0.193017
0.254012
0.141743
0.176820
0.170014
0.141024
0.104805
0.206478
0.130341
0.146863
0.158548
0.140745
0.176400
0.145287
0.121928
0.448113
0.356490
0.533248
0.172863
0.140825
0.258565
0.159226
0.201764
0.156888
0.154053
0.202003
0.195790
0.200128
0.180238
0.187958
0.110043
0.116665
0.161703
0.173742
0.113584
0.154367
0.170806
0.151396
0.134688
0.167559
0.160932
0.197920
0.156512
0.152762
0.138776
0.125366
0.148576
0.145562
0.151071
0.163570
0.171804
0.236973
0.156438
0.150034
0.138006
0.178281
0.169416
0.180175
0.173164
0.259852
0.158118
0.300429
0.278284
0.204545
0.214100
0.208814
0.143589
0.177814
0.153928
0.124028
0.137769
0.150915
0.134214
0.136676
0.153433
0.137455
0.161044
0.186458
0.170608
0.131909
0.116681
0.164653
0.193361
0.138554
0.160498
0.099953
0.122325
0.156663
0.166455
0.185653
0.130017
0.114723
0.114159
0.224383
0.163245
0.128759
0.131191
0.139794
0.154943
0.159767
0.115890
0.134518
0.144297
0.179981
0.303978
0.423752
0.189725
0.159242
0.236930
0.168548
0.229859
0.231468
0.169788
0.185717
0.129600
0.125785
0.173523
0.161601
0.162898
0.181727
0.177761
0.168067
0.122004
0.182503
0.148032
0.146769
0.149026
0.136642
0.137720
0.180292
0.161407
0.171653
0.158808
0.139462
0.176285
0.299166
0.122517
0.156792
0.186102
0.137035
0.148414
0.116236
0.143458
0.141089
0.481961
0.402190
0.107355
0.127503
0.120684
0.155127
0.133528
0.127970
0.153693
0.145405
0.169527
0.180099
0.132617
0.147515
0.206868
0.115084
0.141220
0.173401
0.174553
0.138194
0.126086
0.203585
0.225571
0.207457
0.160767
0.225924
0.099256
0.133084
0.175652
0.128062
0.191703
0.142788
0.140134
0.173470
0.198580
0.156569
0.138977
0.144577
0.116553
0.155163
0.177193
0.142848
0.112171
0.461862
0.215539
0.237028
0.148676
0.163313
0.160412
0.168250
0.264166
0.186678
0.145326
0.210754
0.163829
0.106198
0.152869
0.242723
0.190359
0.168802
0.223984
0.221782
0.149843
0.116028
0.164766
0.195491
0.179837
0.176606
0.171033
0.175667
0.222864
0.132730
0.127769
0.139487
0.193301
0.115954
0.188658
0.201918
0.139365
0.137252
0.320995
0.239560
0.280267
0.164290
0.174613
0.168636
0.156348
0.154416
0.128608
0.150864
0.168932
0.162257
0.159434
0.155373
0.175594
0.177381
0.137641
0.154567
0.130824
0.123237
0.150473
0.173990
0.176756
0.219268
0.133085
0.166807
0.203953
0.174884
0.225662
0.183024
0.161904
0.189956
0.170238
0.151668
0.186839
0.176247
0.173146
0.149322
0.189577
0.152210
0.122210
0.202369
0.156346
0.150434
0.322149
0.350751
0.337702
0.172554
0.174541
0.174187
0.178842
0.172773
0.147217
0.168307
0.131166
0.174834
0.154307
0.152653
0.169223
0.168323
0.135871
0.112110
0.143990
0.138281
0.159624
0.162774
0.153700
0.110862
0.195941
0.338417
0.351603
0.172222
0.189954
0.147204
0.183868
0.121056
0.152682
0.157569
0.159805
0.147991
0.390897
0.441457
0.195674
0.171849
0.139182
0.137495
0.162327
0.155298
0.125320
0.161700
0.180925
0.135077
0.166719
0.192490
0.148522
0.129539
0.132954
0.150712
0.228178
0.129952
0.171729
0.123429
0.167313
0.127316
0.127180
0.182071
0.149287
0.140227
0.211034
0.179711
0.129660
0.164377
0.158310
0.167620
0.141075
0.187760
0.163747
0.128140
0.139878
0.249621
0.298195
0.467076
0.155141
0.129109
0.183306
0.196740
0.153516
0.218344
0.186555
0.159180
0.237308
0.143539
0.119070
0.169343
0.175212
0.201249
0.188573
0.192388
0.107079
0.120942
0.137487
0.127222
0.205359
0.203357
0.173471
0.130030
0.138357
0.246692
0.141568
0.165460
0.231373
0.163933
0.157843
0.193627
0.196737
0.144192
0.148147
0.123326
0.146041
0.417067
0.270242
0.490246
0.378798
0.193827
0.181860
0.139661
0.212016
0.124370
0.184088
0.149220
0.190413
0.142346
0.201409
0.160917
0.193511
0.144661
0.216398
0.160889
0.160872
0.185425
0.143258
0.186701
0.176101
0.125965
0.189290
0.130898
0.126158
0.177522
0.269593
0.168507
0.156195
0.237446
0.180961
0.159835
0.158862
0.173077
0.206832
0.153441
0.188719
0.185339
0.194269
0.144814
0.524662
0.279780
0.155757
0.151725
0.177873
0.270079
0.171305
0.148094
0.152467
0.113803
0.134341
0.121171
0.157455
0.145751
0.142366
0.189797
0.141676
0.149836
0.207363
0.159420
0.152155
0.143068
0.144364
0.237641
0.176928
0.161899
0.208600
0.153126
0.154894
0.143174
0.146800
0.131539
0.201045
0.154605
0.167879
0.233940
0.146100
1.019759
0.256902
0.160475
0.140488
0.139957
0.146350
0.185456
0.134112
0.176222
0.160979
0.166782
0.183524
0.200618
0.345560
0.136929
0.133431
0.180316
0.167740
0.150763
0.152498
0.219156
0.174756
0.152556
0.196555
0.183306
0.171593
0.141441
0.206465
0.158815
0.176926
0.154775
0.238227
0.376636
0.225088
0.224788
0.184930
0.215580
0.150974
0.210843
0.201200
0.236911
0.120200
0.202717
0.194509
0.145170
0.133547
0.175532
0.187813
0.126770
0.126806
0.137446
0.171100
0.144290
0.169385
0.137623
0.171220
0.137453
0.151711
0.154717
0.108447
0.177303
0.187901
0.149574
0.194412
0.151416
0.175230
0.156367
0.162748
0.175825
0.168312
0.199672
0.288279
0.218516
0.263103
0.464788
0.148330
0.174934
0.122555
0.167684
0.205292
0.344035
0.215806
0.224493
0.221235
0.181880
0.148413
0.173058
0.224407
0.141251
0.245607
0.188830
0.135084
0.269370
0.150865
0.135436
0.161878
0.160691
0.162403
0.132108
0.112421
0.194497
0.181476
0.169523
0.184586
0.301508
0.795130
0.136007
0.252849
0.188042
0.154871
0.164022
0.370189
0.259924
0.247434
0.203454
0.207857
0.126598
0.232524
0.169129
0.158232
0.169465
0.152600
0.182984
0.156041
0.208173
0.085745
0.151211
0.178672
0.158913
0.135072
0.149435
0.141149
0.158742
0.173984
0.149298
0.175962
0.140520
0.130621
0.208681
0.152907
0.154879
0.175516
0.162486
0.206989
0.140751
0.134794
0.289742
0.363273
0.295832
0.175839
0.171958
0.138046
0.205118
0.131645
0.128149
0.223781
0.122299
0.254394
0.118795
0.193052
0.169693
0.186843
0.195057
0.131633
0.151260
0.120660
0.163380
0.188280
0.217095
0.194866
0.186931
0.150124
0.142335
0.182967
0.137175
0.215934
0.125298
0.129128
0.154061
0.171757
0.218195
0.189769
0.161523
0.140369
0.142255
0.400557
0.469113
0.131867
0.161768
0.134267
0.159934
0.180289
0.313473
0.245581
0.223166
0.145992
0.234168
0.204917
0.167480
0.162016
0.162696
0.201042
0.146311
0.230588
0.149959
0.137698
0.136089
0.190405
0.162382
0.181622
0.239818
0.217982
0.142672
0.154705
0.172086
0.211040
0.197704
0.220986
0.157885
0.189452
0.128659
0.124753
0.462031
0.281338
0.189292
0.206229
0.144869
0.131729
0.171239
0.198051
0.247035
0.126940
0.154314
0.176740
0.146182
0.162020
0.147698
0.138315
0.157880
0.141458
0.158133
0.153724
0.160466
0.118198
0.149268
0.158763
0.162881
0.182361
0.143783
0.152409
0.205474
0.152165
0.146468
0.199535
0.157793
0.134094
0.131881
0.135834
0.161580
0.150709
0.188796
0.161522
0.161961
0.157313
0.427156
0.377417
0.209120
0.152461
0.140542
0.211319
0.177275
0.151789
0.156156
0.150684
0.149355
0.156411
0.186015
0.169493
0.121296
0.170463
0.167767
0.205903
0.164890
0.145631
0.243844
0.164666
0.163689
0.490970
0.156816
0.139977
0.166980
0.265336
0.101421
0.133937
0.167671
0.157678
0.151350
0.212110
0.156182
0.206353
0.277245
0.298434
0.333531
0.199427
0.205967
0.140514
0.117356
0.133761
0.175815
0.184463
0.119465
0.160923
0.123261
0.177672
0.120482
0.206912
0.155116
0.169862
0.164631
0.150684
0.165814
0.148896
0.162056
0.180505
0.185696
0.165436
0.155196
0.169947
0.160363
0.203715
0.146726
0.208613
0.159490
0.130925
0.425095
0.231290
0.354144
0.200572
0.202295
0.170164
0.148980
0.182352
0.152328
0.152269
0.162285
0.239035
0.162401
0.150255
0.148884
0.137864
0.128816
0.142356
0.127286
0.153450
0.173661
0.154721
0.175957
0.200825
0.138858
0.167086
0.151855
0.143752
0.107234
0.151456
0.166560
0.153966
0.198791
0.174582
0.115342
0.136974
0.133527
0.147808
0.124172
0.133829
0.141251
0.133855
0.127148
0.122336
0.125906
0.190819
0.345505
0.224633
0.540256
0.246465
0.232648
0.174751
0.196862
0.147995
0.156494
0.155701
0.172910
0.184065
0.146110
0.171715
0.129819
0.122278
0.149708
0.148987
0.148516
0.219551
0.150143
0.133409
0.154247
0.220449
0.121129
0.183984
0.148814
0.138604
0.136068
0.125982
0.126706
0.152870
0.215513
0.191796
0.139680
0.184502
0.146764
0.139378
0.156465
0.145381
0.151434
0.136632
0.162972
0.115512
0.184091
0.152001
0.149972
0.119941
0.133510
0.457869
0.417583
0.164613
0.170828
0.220300
0.168851
0.218530
0.157718
0.152140
0.169067
0.195639
0.204110
0.152424
0.203950
0.223753
0.214156
0.195512
0.168103
0.154108
0.156274
0.182014
0.115514
0.180137
0.197862
0.203743
0.186919
0.151731
0.159783
0.173691
0.135645
0.178978
0.161098
0.141752
0.127147
0.274255
0.572443
0.244060
0.173008
0.158158
0.387364
0.403080
0.185857
0.163945
0.209413
0.213420
0.153093
0.243731
0.221661
0.153218
0.156138
0.180796
0.164473
0.233874
0.189459
0.236730
0.223420
0.230708
0.208674
0.212211
0.172325
0.211506
0.193235
0.277837
0.167645
0.125717
0.115068
0.112941
0.108245
0.103286
0.124787
0.113820
0.126327
0.110619
0.112652
0.120853
0.126327
0.115751
0.113272
0.115253
0.109437
0.123177
0.107128
0.122614
0.112823
0.124093
0.103277
0.102216
0.136404
0.109919
0.106646
0.103358
0.108786
0.107619
0.104378
0.123338
0.108750
0.129120
0.130600
0.115505
0.120574
0.120437
0.118911
0.109273
0.127055
0.115387
0.130082
0.109094
0.107308
0.109553
0.109678
0.110771
0.117745
0.111623
0.108036
0.115257
0.112664
0.116631
0.117500
0.124360
0.124817
0.119488
0.123264
0.120757
0.112271
0.111594
0.112605
0.114826
0.119099
0.113167
0.109537
0.113405
0.111077
0.126774
0.123090
0.120796
0.112043
0.112901
0.117138
0.112795
0.109788
0.111667
0.111046
0.116685
0.115271
0.114774
0.118474
0.118922
0.121840
0.118798
0.110123
0.106985
0.105806
0.122284
0.126518
0.146508
0.146791
0.172405
0.153318
0.123317
0.130782
0.130257
0.422489
0.345616
0.130856
0.114133
0.111313
0.111263
0.139985
0.114543
0.109860
0.114407
0.111248
0.118998
0.105555
0.110294
0.147362
0.117639
0.130798
0.122798
0.125164
0.114046
0.124682
0.113333
0.108170
0.113270
0.116333
0.142975
0.123338
0.109160
0.122699
0.118361
0.118527
0.116107
0.111359
0.121538
0.114834
0.103941
0.113178
0.115128
0.115434
0.116436
0.109611
0.120777
0.121577
0.131396
0.124148
0.118121
0.119403
0.118609
0.116125
0.140918
0.118936
0.132037
0.109779
0.116202
0.116772
0.135594
0.116707
0.117591
0.117899
0.113850
0.110723
0.125233
0.109874
0.118822
0.132485
0.106319
0.109603
0.103409
0.115954
0.126646
0.118480
0.113676
0.111381
0.116046
0.108998
0.112089
0.111880
0.103490
0.114404
0.099456
0.109641
0.115809
0.121353
0.118033
0.114183
0.110626
0.120331
0.121296
0.115412
0.102233
0.113178
0.113012
0.120771
0.129427
0.111812
0.112235
0.107613
0.123419
0.111106
0.108498
0.106933
0.122240
0.138227
0.119679
0.104918
0.113087
0.144200
0.147675
0.114248
0.100507
0.109664
0.128835
0.150518
0.119198
0.125131
0.112571
0.111572
0.112147
0.105635
0.108275
0.114915
0.112202
0.112748
0.128636
0.109299
0.110506
0.130949
0.113585
0.107491
0.108052
0.108847
0.113024
0.111813
0.105960
0.109610
0.119181
0.100087
0.106339
0.131084
0.110331
0.104345
0.130869
0.124485
0.109214
0.111652
0.107867
0.125079
0.114853
0.111891
0.105737
0.115601
0.118387
0.120748
0.110463
0.104548
0.117077
0.106475
0.106176
0.111665
0.115680
0.111566
0.098724
0.117508
0.128480
0.116278
0.115273
0.119270
0.111444
0.125360
0.114324
0.128771
0.136584
0.121778
0.129312
0.120727
0.121831
0.118029
0.113111
0.120490
0.113623
0.133163
0.125542
0.124944
0.116776
0.131497
0.120716
0.124128
0.126942
0.129029
0.117119
0.127066
0.120104
0.119280
0.107666
0.156762
0.154209
0.121674
0.189910
0.131715
0.159789
0.161443
0.190532
0.119286
0.122305
0.126809
0.114332
0.124479
0.114168
0.117281
0.119036
0.118771
0.111300
0.116955
0.115387
0.115260
0.109657
0.107929
0.101645
0.104096
0.110789
0.112888
0.106311
0.125900
0.129771
0.106611
0.113274
0.117275
0.118616
0.120487
0.115695
0.111815
0.114074
0.128829
0.108246
0.111727
0.129457
0.171362
0.130529
0.104550
0.105037
0.135219
0.112173
0.116856
0.111239
0.112391
0.131917
0.112463
0.114375
0.135740
0.111176
0.111243
0.108953
0.129367
0.115399
0.118813
0.121555
0.107957
0.113397
0.129218
0.115164
0.126377
0.127937
0.112879
0.119077
0.114730
0.105684
0.111028
0.123768
0.113657
0.109065
0.124267
0.103733
0.113082
0.116876
0.113860
0.114694
0.112401
0.112433
0.128474
0.104210
0.115758
0.116880
0.110685
0.210796
0.199977
0.109632
0.115223
0.130148
0.118602
0.107647
0.114106
0.132968
0.115892
0.110528
0.105944
0.116564
0.105976
0.130434
0.117728
0.309677
0.357987
0.141624
0.134623
0.126320
0.114074
0.117260
0.114839
0.107771
0.103171
0.132631
0.131985
0.120879
0.125800
0.111173
0.112952
0.108826
0.107661
0.123131
0.132714
0.115961
0.117285
0.116147
0.121671
0.111487
0.121168
0.127586
0.149497
0.127232
0.422799
0.467608
0.141559
0.114360
0.130909
0.110096
0.109259
0.118277
0.114462
0.126786
0.114056
0.110964
0.138826
0.148785
0.111948
0.110730
0.127930
0.111617
0.109422
0.109812
0.115557
0.103173
0.113397
0.107484
0.109022
0.125455
0.147971
0.115633
0.111646
0.111789
0.114592
0.113761
0.111741
0.106569
0.113850
0.123519
0.112880
0.114635
0.123941
0.113021
0.109950
0.110513
0.108814
0.115647
0.108569
0.105122
0.100063
0.112194
0.107288
0.100366
0.160045
0.118346
0.123596
0.117362
0.116899
0.116456
0.112067
0.111542
0.114182
0.108375
0.131655
0.118599
0.114466
0.109539
0.110730
0.109667
0.110952
0.113315
0.112548
0.117955
0.136225
0.104723
0.108596
0.117865
0.102797
0.116247
0.111362
0.116375
0.109546
0.109120
0.180381
0.215163
0.125132
0.126842
0.115543
0.116876
0.105864
0.113084
0.126855
0.124130
0.119452
0.112162
0.137156
0.113961
0.112210
0.113873
0.111329
0.109711
0.105725
0.110231
0.114296
0.115558
0.111616
0.110416
0.103298
0.113269
0.112846
0.110894
0.117079
0.108755
0.110883
0.107456
0.106818
0.117525
0.134502
0.114110
0.109612
0.111943
0.114900
0.110192
0.100840
0.126708
0.127268
0.107277
0.101090
0.108122
0.114641
0.130538
0.102536
0.120912
0.124882
0.109669
0.108200
0.107533
0.102986
0.103266
0.109639
0.116005
0.115005
0.112326
0.109547
0.117020
0.115042
0.126966
0.130577
0.158222
0.122249
0.118294
0.119758
0.118305
0.128234
0.112786
0.114084
0.109183
0.123439
0.121988
0.109488
0.107569
0.111828
0.112452
0.114011
0.111623
0.121659
0.114505
0.117244
0.117563
0.136844
0.114772
0.110857
0.107785
0.114523
0.117492
0.116408
0.124125
0.112789
0.107799
0.107468
0.104108
0.109206
0.108259
0.110722
0.114146
0.112921
0.112429
0.110886
0.134012
0.109840
0.118016
0.130189
0.105457
0.110503
0.108852
0.109157
0.116317
0.111408
0.120397
0.107764
0.122723
0.122494
0.123602
0.118612
0.120743
0.111815
0.115358
0.133511
0.128790
0.118125
0.130640
0.116403
0.138456
0.105552
0.129006
0.111742
0.131243
0.112469
0.108192
0.118569
0.118382
0.110119
0.132448
0.118883
0.115399
0.117734
0.136045
0.114217
0.118938
0.117397
0.118003
0.111884
0.118145
0.114255
0.120257
0.124273
0.113000
0.119979
0.122370
0.132971
0.114389
0.124480
0.132280
0.112023
0.118322
0.123477
0.111434
0.112315
0.120554
0.123557
0.123074
0.106643
0.117900
0.118841
0.108638
0.125096
0.121110
0.110221
0.122695
0.135312
0.114491
0.113057
0.114133
0.112692
0.103001
0.111327
0.113807
0.112508
0.114686
0.119736
0.110721
0.139147
0.117427
0.114966
0.135573
0.112399
0.123176
0.115923
0.111462
0.116165
0.114310
0.120973
0.118223
0.112045
0.109994
0.112537
0.156836
0.136357
0.104129
0.111668
0.111790
0.112598
0.107633
0.110349
0.106396
0.111969
0.106132
0.105781
0.115593
0.102350
0.106401
0.106903
0.118127
0.103958
0.124966
0.106826
0.120091
0.115854
0.113650
0.116405
0.110445
0.096181
0.105299
0.106312
0.103710
0.105300
0.132791
0.102582
0.103658
0.112697
0.102064
0.110284
0.123665
0.102732
0.115722
0.113895
0.113521
0.121077
0.095734
0.126742
0.119417
0.115034
0.115041
0.100006
0.110264
0.120844
0.106160
0.118363
0.112116
0.119253
0.117150
0.116505
0.118772
0.117441
0.126414
0.109024
0.122224
0.111831
0.105119
0.103561
0.119959
0.108715
0.107844
0.106610
0.423719
0.340261
0.129533
0.134283
0.114448
0.112659
0.119493
0.109864
0.131003
0.107169
0.135631
0.112608
0.121258
0.115662
0.102480
0.116897
0.115181
0.106860
0.109458
0.109570
0.130454
0.115034
0.110862
0.125000
0.109015
0.125507
0.110143
0.102993
0.119294
0.136288
0.132167
0.109692
0.100346
0.113611
0.106104
0.111626
0.133702
0.116103
0.131152
0.113203
0.106378
0.105294
0.107980
0.109521
0.107662
0.132644
0.108802
0.104996
0.108312
0.099937
0.143367
0.115642
0.130460
0.122017
0.132197
0.114975
0.111882
0.109785
0.111730
0.114337
0.110643
0.111236
0.112109
0.124566
0.111499
0.121579
0.109423
0.128365
0.118861
0.120199
0.134214
0.123634
0.135681
0.116903
0.118969
0.118402
0.116974
0.116401
0.115936
0.108484
0.118134
0.110230
0.119298
0.126833
0.139110
0.115452
0.112723
0.118578
0.119725
0.132067
0.170654
0.120991
0.140169
0.125198
0.135162
0.131812
0.127331
0.137073
0.126994
0.142203
0.116770
0.142862
0.132436
0.157824
0.237636
0.158525
0.145520
0.136398
0.212719
0.172190
0.189470
0.212473
0.205607
0.123261
0.122299
0.146342
0.118096
0.115041
0.117974
0.118555
0.128746
0.131329
0.114426
0.121700
0.118533
0.118670
0.123758
0.126729
0.137230
0.116101
0.141282
0.115743
0.118438
0.115426
0.117292
0.202417
0.201146
0.144709
0.132124
0.147431
0.218627
0.200745
0.167532
0.154320
0.118008
0.127018
0.134024
0.115833
0.120096
0.123227
0.160177
0.178836
0.115905
0.114849
0.118745
0.117163
0.121255
0.116998
0.115754
0.112727
0.116741
0.136834
0.211645
0.172534
0.242836
0.194400
0.114805
0.123901
0.132922
0.132524
0.112070
0.110179
0.111313
0.108347
0.118364
0.107092
0.104992
0.108697
0.117003
0.121560
0.111436
0.117177
0.113877
0.116233
0.106016
0.132113
0.113788
0.119432
0.123280
0.128933
0.104018
0.115444
0.125188
0.123448
0.110419
0.114657
0.109306
0.120745
0.109989
0.121017
0.129758
0.106313
0.115684
0.113267
0.121248
0.117344
0.113378
0.107567
0.103026
0.126433
0.110850
0.109501
0.110691
0.113037
0.133477
0.130160
0.110600
0.115543
0.120597
0.141125
0.111325
0.124887
0.108799
0.120941
0.135612
0.114575
0.102242
0.122275
0.137476
0.113048
0.115453
0.127468
0.107672
0.112297
0.101566
0.120982
0.118452
0.115099
0.115374
0.391409
0.126919
0.116402
0.115204
0.137365
0.117234
0.114864
0.118777
0.111704
0.125877
0.159833
0.220503
0.121185
0.123962
0.118745
0.142681
0.117499
0.124962
0.132553
0.109933
0.107023
0.113042
0.107563
0.121246
0.129073
0.110768
0.120043
0.117907
0.108700
0.108620
0.107197
0.108135
0.107005
0.120761
0.105504
0.105939
0.110099
0.118830
0.113931
0.121924
0.114212
0.130720
0.133636
0.107730
0.112221
0.117044
0.111664
0.116319
0.112045
0.104584
0.108161
0.117186
0.107658
0.106474
0.122410
0.107710
0.108659
0.109851
0.111211
0.105439
0.133613
0.109255
0.111228
0.116402
0.130450
0.112013
0.121407
0.116931
0.125784
0.110599
0.111415
0.105196
0.106621
0.113028
0.105589
0.105204
0.127340
0.112611
0.110714
0.124364
0.111783
0.113299
0.109160
0.140317
0.116142
0.114584
0.175379
0.115993
0.119618
0.119586
0.121706
0.127734
0.123624
0.115052
0.126264
0.127667
0.116369
0.125496
0.112151
0.114220
0.111361
0.113566
0.116957
0.113831
0.110794
0.116714
0.125488
0.117635
0.127483
0.115793
0.109505
0.115517
0.121249
0.121818
0.138235
0.110575
0.114848
0.121677
0.129193
0.115589
0.107911
0.662755
0.213619
0.551213
0.126225
0.119588
0.114171
0.121557
0.113179
0.106602
0.121404
0.129815
0.116917
0.108168
0.107807
0.133108
0.135832
0.135231
0.131576
0.115644
0.128928
0.112824
0.114725
0.114993
0.109773
0.110954
0.114022
0.110977
0.112294
0.121492
0.102300
0.121611
0.132037
0.113301
0.105571
0.122348
0.113415
0.116244
0.118299
0.125979
0.116522
0.119402
0.114404
0.108299
0.111779
0.119435
0.112526
0.111351
0.105871
0.107177
0.112900
0.137198
0.119985
0.114612
0.119898
0.128557
0.115226
0.112043
0.123806
0.115347
0.117524
0.128017
0.130542
0.124129
0.111024
0.128884
0.131889
0.116978
0.117475
0.116659
0.118366
0.123200
0.123009
0.132430
0.134600
0.129452
0.156145
0.115306
0.108694
0.126228
0.114522
0.108371
0.112545
0.114677
0.096210
0.110537
0.125812
0.123047
0.108466
0.129400
0.112493
0.113248
0.112912
0.106636
0.130669
0.136759
0.133481
0.110673
0.120261
0.114547
0.108857
0.117361
0.118711
0.128254
0.110878
0.110492
0.130884
0.130231
0.119650
0.125679
0.119433
0.130641
0.118891
0.118876
0.115047
0.112712
0.115147
0.126172
0.111317
0.107614
0.111787
0.114515
0.123385
0.138503
0.138548
0.109798
0.121804
0.111046
0.107301
0.104706
0.143292
0.109467
0.126198
0.109927
0.113824
0.102281
0.106480
0.133951
0.111086
0.117813
0.113382
0.126552
0.111094
0.112089
0.112787
0.109693
0.115650
0.113106
0.108037
0.110135
0.115260
0.123549
0.117053
0.115405
0.130521
0.115923
0.110366
0.134969
0.111210
0.110892
0.109717
0.111741
0.110254
0.139251
0.135685
0.124883
0.104281
0.119283
0.106054
0.108630
0.104389
0.143383
0.126821
0.113091
0.115801
0.108912
0.117388
0.131713
0.124650
0.105708
0.104850
0.109591
0.096868
0.107589
0.125543
0.101401
0.111574
0.136361
0.109677
0.110508
0.107349
0.106147
0.107052
0.108456
0.111079
0.112786
0.134470
0.129277
0.116207
0.109292
0.127873
0.108439
0.112826
0.101886
0.130956
0.116857
0.113562
0.138254
0.125522
0.110792
0.108800
0.111176
0.117881
0.132762
0.115262
0.105450
0.111488
0.125385
0.108073
0.110472
0.117024
0.128619
0.112451
0.108139
0.117311
0.110377
0.111832
0.123461
0.111824
0.106441
0.105531
0.132110
0.115297
0.122898
0.110184
0.117187
0.111567
0.107973
0.115420
0.108773
0.116974
0.132633
0.115512
0.119842
0.126845
0.132901
0.126245
0.119911
0.133465
0.115498
0.118759
0.118065
0.112053
0.129619
0.120373
0.114155
0.114819
0.107762
0.119842
0.115865
0.104514
0.115656
0.118148
0.106550
0.132479
0.114125
0.116284
0.120988
0.109621
0.114018
0.122593
0.123432
0.130872
0.108387
0.128850
0.118072
0.105842
0.116125
0.127672
0.121988
0.137069
0.117065
0.118931
0.122543
0.116716
0.113111
0.146449
0.114026
0.123580
0.131265
0.115698
0.123008
0.111445
0.118944
0.118949
0.118475
0.116041
0.111131
0.112920
0.106372
0.114942
0.115695
0.122233
0.109383
0.119577
0.117640
0.157855
0.112344
0.105741
0.124909
0.115059
0.114695
0.130412
0.107843
0.124606
0.122736
0.109948
0.127088
0.124999
0.121900
0.127066
0.126339
0.114532
0.128596
0.112732
0.132014
0.107769
0.119807
0.135144
0.124646
0.115432
0.111494
0.118682
0.132499
0.114577
0.120258
0.128631
0.118602
0.114025
0.115503
0.116444
0.110979
0.110347
0.113004
0.127507
0.106077
0.127562
0.110155
0.109892
0.106938
0.124002
0.113003
0.110857
0.105933
0.123680
0.112726
0.116915
0.112095
0.113344
0.111432
0.118422
0.118841
0.111361
0.105678
0.130306
0.114276
0.297402
0.355622
0.137799
0.114814
0.125470
0.130281
0.132274
0.133360
0.108794
0.111825
0.114606
0.112880
0.121587
0.131275
0.110834
0.108128
0.122888
0.116020
0.160632
0.106590
0.117489
0.118308
0.119383
0.118699
0.121372
0.129679
0.120109
0.114036
0.120465
0.135582
0.124893
0.113747
0.120469
0.105598
0.127211
0.109568
0.103552
0.163423
0.111111
0.110602
0.110637
0.119418
0.124364
0.112378
0.110741
0.131139
0.106470
0.113750
0.115149
0.174453
0.208961
0.181204
0.120929
0.118319
0.118065
0.113087
0.126530
0.120509
0.116977
0.117182
0.109671
0.112563
0.116229
0.136658
0.131416
0.114246
0.138174
0.116291
0.107700
0.112489
0.115432
0.119686
0.110310
0.125376
0.106083
0.107379
0.110291
0.136128
0.101493
0.112368
0.111478
0.122079
0.109355
0.118707
0.124731
0.105555
0.151967
0.113984
0.131396
0.111551
0.112847
0.111505
0.118629
0.128783
0.120338
0.111917
0.109991
0.109876
0.134488
0.108613
0.115837
0.112245
0.128251
0.111866
0.102846
0.119383
0.107456
0.114725
0.112336
0.105649
0.105529
0.110608
0.128164
0.102100
0.109216
0.114515
0.106834
0.103287
0.135498
0.106117
0.113079
0.122628
0.109076
0.107897
0.114912
0.101703
0.109189
0.126950
0.104500
0.108195
0.517749
0.127724
0.145466
0.121884
0.118220
0.118720
0.118058
0.113632
0.111658
0.112893
0.119696
0.126190
0.115561
0.110932
0.128503
0.109367
0.112554
0.124510
0.111177
0.115832
0.119964
0.104599
0.122952
0.120078
0.137484
0.120172
0.124235
0.111321
0.137947
0.114627
0.115569
0.116183
0.134156
0.109128
0.124235
0.115959
0.108117
0.111352
0.111806
0.113088
0.108926
0.122833
0.118779
0.119567
0.115611
0.123620
0.109609
0.115450
0.141477
0.112065
0.127397
0.124087
0.129652
0.121711
0.109418
0.114007
0.111937
0.120065
0.112936
0.125741
0.124490
0.127842
0.142739
0.117041
0.131222
0.122789
0.109804
0.116999
0.114669
0.106148
0.123569
0.128446
0.121457
0.121341
0.110985
0.113529
0.125464
0.113281
0.110020
0.114240
0.110961
0.133046
0.107778
0.116436
0.106663
0.116343
0.116702
0.108257
0.109596
0.109744
0.119274
0.141596
0.137823
0.128665
0.116290
0.112724
0.121533
0.107535
0.111542
0.106618
0.108412
0.119544
0.120966
0.108972
0.135585
0.123093
0.116713
0.118084
0.118712
0.116858
0.115688
0.115800
0.111961
0.119413
0.113911
0.106920
0.104980
0.112728
0.116407
0.115510
0.115341
0.127664
0.112030
0.113752
0.116475
0.113886
0.134137
0.113546
0.123533
0.113596
0.115703
0.136617
0.116796
0.112081
0.119935
0.127226
0.107607
0.113846
0.119243
0.124260
0.137594
0.114378
0.113553
0.112308
0.122576
0.126535
0.120557
0.114558
0.110098
0.111067
0.127027
0.111454
0.115293
0.107378
0.112900
0.116214
0.106427
0.105695
0.107313
0.107024
0.111119
0.114279
0.120173
0.113760
0.109113
0.122897
0.113081
0.130433
0.128683
0.115272
0.114990
0.118516
0.114997
0.108729
0.115339
0.110235
0.116360
0.106856
0.134052
0.154285
0.140061
0.143028
0.126901
0.120280
0.116721
0.110201
0.116063
0.106602
0.108735
0.114104
0.110652
0.111382
0.098631
0.108266
0.131053
0.110030
0.104944
0.114926
0.125877
0.111841
0.131386
0.105034
0.103929
0.120616
0.110614
0.104158
0.117473
0.114928
0.115715
0.111864
0.125177
0.107033
0.103497
0.106164
0.106027
0.109838
0.106244
0.102803
0.134791
0.113508
0.121654
0.115344
0.116556
0.122765
0.140764
0.124435
0.113135
0.121363
0.101351
0.109129
0.107863
0.110538
0.115875
0.112427
0.135775
0.120052
0.115392
0.123232
0.107170
0.112024
0.113542
0.120039
0.108960
0.113722
0.108511
0.115743
0.112947
0.396429
0.344080
0.134499
0.118857
0.132056
0.114608
0.125062
0.106672
0.132504
0.108702
0.106721
0.130227
0.108331
0.122665
0.114483
0.105987
0.099623
0.109171
0.155247
0.153093
0.116781
0.109037
0.111741
0.113325
0.110462
0.110091
0.107978
0.114792
0.113281
0.105359
0.111768
0.104754
0.126365
0.137559
0.116871
0.115296
0.114310
0.115901
0.119776
0.105494
0.105702
0.110793
0.103939
0.125823
0.112121
0.117485
0.137046
0.126095
0.114881
0.121717
0.111926
0.134469
0.116347
0.116730
0.133294
0.120680
0.120488
0.111336
0.135999
0.152337
0.159042
0.172601
0.115643
0.154694
0.136976
0.124577
0.143097
0.134022
0.115832
0.118226
0.112669
0.117377
0.113652
0.118591
0.106303
0.112119
0.145429
0.121700
0.129822
0.109146
0.124972
0.109145
0.131253
0.126538
0.110761
0.122040
0.116548
0.108838
0.124483
0.108253
0.125232
0.106231
0.123476
0.111533
0.108527
0.135953
0.127735
0.133332
0.131104
0.107464
0.110412
0.115342
0.125208
0.119851
0.134901
0.125740
0.123196
0.130171
0.129035
0.112335
0.109630
0.118919
0.119519
0.097442
0.111632
0.107965
0.123254
0.118692
0.132834
0.107170
0.106267
0.135318
0.119888
0.118774
0.134828
0.116756
0.114746
0.112543
0.105458
0.132763
0.113477
0.113645
0.110495
0.120285
0.114165
0.140432
0.124407
0.113927
0.112141
0.123632
0.115506
0.130407
0.109864
0.113869
0.116099
0.131773
0.125591
0.126228
0.124518
0.125915
0.126605
0.120502
0.119038
0.116077
0.123859
0.118356
0.118035
0.113634
0.110508
0.114362
0.110816
0.118160
0.112729
0.112835
0.112661
0.110436
0.111246
0.110079
0.113348
0.119466
0.117757
0.132353
0.115587
0.107720
0.132289
0.119924
0.123367
0.113301
0.119828
0.116365
0.134423
0.108304
0.117032
0.114849
0.111303
0.105066
0.109840
0.137353
0.133388
0.124416
0.132227
0.195428
0.171487
0.166590
0.153143
0.124285
0.139052
0.150145
0.121168
0.127180
0.112443
0.114998
0.135427
0.123710
0.108580
0.123283
0.126369
0.113640
0.112349
0.104283
0.125698
0.119765
0.109325
0.107303
0.110890
0.119266
0.105227
0.095270
0.123389
0.118054
0.129501
0.117441
0.109724
0.101862
0.116719
0.102884
0.099466
0.105947
0.103126
0.102629
0.117445
0.134304
0.122793
0.123565
0.119996
0.130762
0.126257
0.130841
0.116525
0.122939
0.122510
0.130949
0.108719
0.110344
0.111091
0.108080
0.109834
0.107027
0.113282
0.112537
0.104673
0.121697
0.108174
0.107321
0.112624
0.110251
0.133322
0.111393
0.108713
0.099624
0.125289
0.104316
0.108600
0.119430
0.132905
0.107431
0.109164
0.112930
0.117683
0.110903
0.111690
0.119498
0.114214
0.108059
0.116996
0.119990
0.116936
0.128738
0.117621
0.120544
0.113678
0.104021
0.124590
0.117341
0.121541
0.123202
0.123521
0.113814
0.122811
0.123893
0.121989
0.124383
0.131471
0.116473
0.129443
0.114401
0.119057
0.105554
0.128154
0.115848
0.108078
0.110066
0.102021
0.098777
0.105040
0.106682
0.114342
0.114132
0.109206
0.117602
0.109138
0.125625
0.108510
0.114643
0.111602
0.132532
0.105145
0.109734
0.110132
0.111836
0.113497
0.138923
0.120169
0.135200
0.125422
0.112496
0.129801
0.121904
0.112963
0.124225
0.113388
0.112339
0.112641
0.117244
0.108989
0.109669
0.114761
0.111675
0.110960
0.108565
0.117334
0.123361
0.107580
0.116264
0.126350
0.118005
0.106435
0.115796
0.109831
0.112667
0.108912
0.105816
0.118212
0.112786
0.123338
0.109440
0.113435
0.109823
0.107700
0.113203
0.105044
0.110201
0.113868
0.108344
0.112566
0.123434
0.122979
0.136764
0.126350
0.135114
0.119592
0.108757
0.106913
0.119088
0.450631
0.201619
0.127235
0.127322
0.127928
0.119611
0.114691
0.130256
0.128612
0.107666
0.104783
0.117566
0.114046
0.107902
0.117665
0.117965
0.114395
0.111179
0.115091
0.450834
0.264440
0.142945
0.124335
0.135396
0.135048
0.136206
0.136378
0.133311
0.122776
0.141698
0.125840
0.132811
0.164306
0.134767
0.136145
0.118991
0.116796
0.156408
0.129532
0.116164
0.116782
0.114402
0.112895
0.113525
0.112574
0.111868
0.115157
0.108655
0.126078
0.113930
0.132241
0.116050
0.116540
0.107923
0.118952
0.107631
0.114125
0.129047
0.104738
0.134790
0.110570
0.121659
0.112741
0.114108
0.112732
0.132202
0.115545
0.116195
0.119609
0.145804
0.142295
0.136712
0.135734
0.123961
0.119202
0.123691
0.123160
0.130403
0.117482
0.122116
0.109813
0.115760
0.122110
0.122239
0.112911
0.130225
0.112036
0.153086
0.110830
0.111444
0.113260
0.113822
0.121455
0.117679
0.144820
0.111078
0.115914
0.117720
0.116166
0.115122
0.126355
0.119128
0.109663
0.123884
0.120502
0.120468
0.114328
0.125338
0.112483
0.112867
0.115367
0.132107
0.115206
0.138044
0.127764
0.122028
0.138449
0.118790
0.104719
0.120650
0.109569
0.128792
0.108215
0.133591
0.110150
0.113196
0.112838
0.105705
0.142145
0.112577
0.106926
0.112334
0.111802
0.136334
0.110329
0.122415
0.119305
0.108952
0.117446
0.113148
0.119774
0.129708
0.132040
0.114943
0.126217
0.114787
0.130375
0.117498
0.122158
0.121508
0.113111
0.121252
0.126454
0.134770
0.118845
0.113381
0.117026
0.133514
0.128378
0.116681
0.143580
0.130523
0.134946
0.124947
0.126966
0.162946
0.116606
0.112013
0.121635
0.122057
0.130003
0.116582
0.144302
0.127567
0.113659
0.120361
0.110215
0.122700
0.121822
0.110682
0.119634
0.121946
0.148258
0.113232
0.113316
0.110537
0.107590
0.113233
0.098060
0.101773
0.109381
0.123071
0.116606
0.104930
0.107020
0.105181
0.112808
0.107150
0.111244
0.110008
0.114934
0.097296
0.120433
0.124067
0.112104
0.099289
0.130671
0.110685
0.113298
0.120501
0.128803
0.115900
0.113870
0.110642
0.132124
0.110756
0.109054
0.136565
0.120665
0.118419
0.117399
0.125286
0.111175
0.112605
0.138492
0.142706
0.137492
0.143556
0.128492
0.127948
0.140176
0.134335
0.141981
0.115264
0.117347
0.114565
0.127868
0.132409
0.117339
0.127043
0.132457
0.163024
0.126535
0.138759
0.144563
0.134883
0.146956
0.119184
0.121428
0.121697
0.121241
0.125397
0.130544
0.122953
0.122989
0.115314
0.121713
0.132708
0.115989
0.126724
0.121059
0.119013
0.120001
0.112913
0.113883
0.115949
0.124652
0.119684
0.123472
0.121428
0.137585
0.114696
0.125734
0.148486
0.115688
0.111273
0.122575
0.117836
0.119866
0.122648
0.127323
0.134886
0.108581
0.110415
0.145217
0.126593
0.117822
0.130833
0.121391
0.126920
0.112506
0.125812
0.115673
0.116061
0.120141
0.118405
0.123081
0.114724
0.118271
0.108379
0.127603
0.129010
0.112649
0.134750
0.113278
0.136829
0.121250
0.167754
0.122581
0.124153
0.127177
0.128010
0.118851
0.109711
0.128229
0.111382
0.113108
0.120331
0.108811
0.106358
0.125179
0.121002
0.130436
0.138457
0.126997
0.160436
0.148245
0.129629
0.130931
0.115989
0.123624
0.115268
0.114979
0.197792
0.164283
0.197639
0.127588
0.121798
0.112667
0.127213
0.113398
0.110785
0.114981
0.106381
0.119929
0.111740
0.114644
0.114782
0.114511
0.115662
0.151718
0.124885
0.109648
0.115959
0.114049
0.114642
0.136011
0.117542
0.109595
0.110872
0.132745
0.117351
0.115480
0.128543
0.114843
0.402749
0.227330
0.152798
0.119196
0.112116
0.112646
0.130209
0.118748
0.127145
0.115609
0.116321
0.118365
0.118436
0.115977
0.117300
0.111907
0.110808
0.109600
0.130605
0.122197
0.142942
0.106129
0.140246
0.119283
0.113330
0.167019
0.107446
0.115475
0.126553
0.127669
0.118019
0.149364
0.116708
0.117185
0.109421
0.117135
0.115060
0.115877
0.105483
0.112321
0.121503
0.127541
0.116628
0.129430
0.113903
0.126770
0.116377
0.114018
0.111669
0.115189
0.118892
0.115606
0.110299
0.140769
0.116981
0.135263
0.109140
0.127490
0.106701
0.105093
0.109512
0.115067
0.109262
0.120745
0.122769
0.114590
0.119515
0.111024
0.107612
0.114461
0.123064
0.105058
0.114072
0.135746
0.110086
0.114572
0.124319
0.110233
0.103765
0.119172
0.127733
0.109130
0.109177
0.107049
0.111940
0.118451
0.115923
0.124319
0.121336
0.110381
0.114522
0.124286
0.119194
0.104926
0.141516
0.110093
0.124145
0.110134
0.105454
0.118006
0.101651
0.115569
0.108712
0.113834
0.144493
0.109227
0.105138
0.108877
0.134261
0.114348
0.118791
0.106769
0.120772
0.142761
0.115851
0.113063
0.137413
0.113788
0.111651
0.118275
0.108297
0.102166
0.116680
0.132388
0.123053
0.114579
0.111660
0.120111
0.114172
0.138367
0.133922
0.125271
0.151840
0.148826
0.137530
0.116511
0.116255
0.122052
0.144797
0.115189
0.116526
0.128098
0.113365
0.119969
0.117633
0.113144
0.114447
0.147657
0.110788
0.112283
0.114258
0.105801
0.111193
0.132013
0.119786
0.109651
0.116117
0.120139
0.113964
0.111586
0.108697
0.117683
0.135845
0.115858
0.110731
0.126992
0.150622
0.110220
0.119303
0.108970
0.115514
0.123587
0.142594
0.124896
0.139633
0.116596
0.116167
0.128465
0.109859
0.114730
0.116092
0.114177
0.132360
0.114672
0.108275
0.126796
0.121603
0.111853
0.110117
0.124098
0.119460
0.106653
0.111093
0.132687
0.109350
0.119974
0.110652
0.105008
0.121497
0.107972
0.114408
0.106412
0.109657
0.122407
0.110013
0.121769
0.103707
0.114902
0.124445
0.115520
0.124671
0.161131
0.129254
0.141585
0.164505
0.135758
0.126335
0.123481
0.121664
0.105313
0.127101
0.110397
0.115150
0.131079
0.113667
0.106445
0.111956
0.138732
0.124623
0.117109
0.110743
0.114872
0.108409
0.116710
0.124686
0.119838
0.129934
0.117236
0.129711
0.127441
0.120498
0.135372
0.126105
0.129481
0.118017
0.134113
0.111666
0.112480
0.112884
0.126851
0.114543
0.117404
0.113743
0.125638
0.110419
0.107492
0.113714
0.132206
0.116869
0.422728
0.126201
0.111970
0.109887
0.108071
0.134266
0.119282
0.110901
0.123379
0.125844
0.116149
0.112452
0.114788
0.119608
0.114503
0.122023
0.110690
0.122498
0.107086
0.127895
0.104851
0.100708
0.107069
0.117129
0.105609
0.109136
0.106178
0.121176
0.112370
0.118878
0.118046
0.123776
0.120680
0.104031
0.112487
0.141350
0.138388
0.108612
0.119341
0.114764
0.124042
0.111202
0.131175
0.131937
0.123805
0.127751
0.136097
0.121136
0.125936
0.105085
0.111159
0.116830
0.124025
0.101304
0.111164
0.109046
0.108010
0.109626
0.103841
0.110690
0.114346
0.106925
0.108303
0.112755
0.108718
0.107711
0.112832
0.110033
0.106776
0.105319
0.109689
0.125201
0.104534
0.113372
0.111065
0.108870
0.115872
0.104691
0.108041
0.126573
0.109627
0.127063
0.110447
0.114851
0.113007
0.173111
0.159133
0.125778
0.126245
0.121732
0.134548
0.113317
0.115678
0.120923
0.121036
0.104711
0.107214
0.435634
0.225969
0.125084
0.120435
0.112104
0.117755
0.116372
0.141063
0.138321
0.119173
0.102351
0.129025
0.120694
0.140627
0.117206
0.112497
0.116974
0.135321
0.113526
0.119425
0.112210
0.111029
0.108869
0.129489
0.116646
0.126847
0.113016
0.112246
0.116964
0.144796
0.135480
0.126617
0.158386
0.119394
0.123752
0.118371
0.115977
0.128888
0.133647
0.133529
0.128773
0.119454
0.123139
0.147784
0.118128
0.115302
0.118472
0.124261
0.122721
0.117060
0.129926
0.116221
0.125339
0.118745
0.119553
0.118213
0.116949
0.106274
0.110572
0.106939
0.107515
0.119159
0.110236
0.115783
0.115837
0.142564
0.108820
0.118501
0.114704
0.119245
0.118216
0.112743
0.127937
0.129936
0.120677
0.115745
0.110268
0.130682
0.117422
0.103489
0.124955
0.112777
0.114349
0.116793
0.109666
0.099650
0.128734
0.115313
0.135076
0.118447
0.114658
0.107617
0.113428
0.110006
0.124348
0.104196
0.114757
0.127475
0.110340
0.111797
0.113821
0.113344
0.116403
0.119448
0.118519
0.133231
0.115196
0.118274
0.119038
0.133146
0.130310
0.116491
0.116192
0.157592
0.138761
0.133667
0.126303
0.120572
0.135485
0.117984
0.122994
0.127419
0.129355
0.115874
0.117316
0.116433
0.116239
0.110358
0.111960
0.121982
0.111295
0.130447
0.110920
0.120874
0.224524
0.200488
0.176431
0.134967
0.123724
0.132113
0.131492
0.120235
0.123200
0.134477
0.126046
0.126098
0.118549
0.110500
0.115708
0.126507
0.121693
0.116797
0.113591
0.112459
0.118310
0.121463
0.130392
0.124884
0.131254
0.129918
0.118725
0.116314
0.125262
0.109282
0.120147
0.116009
0.110794
0.123344
0.117419
0.110449
0.115967
0.119368
0.121267
0.126939
0.109870
0.120300
0.117573
0.111062
0.111633
0.109036
0.110599
0.125796
0.117818
0.116542
0.117268
0.118027
0.112122
0.110622
0.120939
0.124851
0.112445
0.128022
0.108417
0.112846
0.140113
0.116057
0.119897
0.142705
0.126482
0.112916
0.122533
0.131203
0.123264
0.124705
0.116400
0.109935
0.113227
0.122109
0.125935
0.117318
0.148811
0.116181
0.130409
0.113484
0.107532
0.110660
0.112036
0.103877
0.134233
0.115752
0.134799
0.116823
0.115582
0.103613
0.101914
0.137001
0.112807
0.114567
0.111406
0.112846
0.108751
0.114074
0.131280
0.111496
0.109118
0.111801
0.111217
0.110500
0.107074
0.108946
0.117080
0.111875
0.141212
0.117333
0.125442
0.113508
0.110294
0.137072
0.113177
0.107805
0.109174
0.112030
0.104037
0.111818
0.106035
0.110155
0.116093
0.112358
0.109364
0.105919
0.130014
0.102013
0.113583
0.109828
0.111725
0.102021
0.105530
0.107929
0.125460
0.111952
0.103339
0.122731
0.105224
0.110407
0.112676
0.113126
0.109787
0.101359
0.105326
0.109768
0.121655
0.105364
0.110147
0.104610
0.109511
0.115119
0.139643
0.133377
0.126021
0.116507
0.116962
0.139954
0.114043
0.108295
0.126195
0.114731
0.113358
0.114169
0.110400
0.131711
0.120119
0.111428
0.112285
0.113904
0.115814
0.135083
0.117253
0.124768
0.125191
0.111226
0.111812
0.111434
0.119709
0.126826
0.115364
0.113651
0.111145
0.142327
0.128555
0.119192
0.123946
0.126215
0.123116
0.142841
0.139801
0.137652
0.121464
0.126115
0.107448
0.111804
0.106537
0.113529
0.124762
0.117090
0.114238
0.105152
0.132758
0.120806
0.125467
0.114791
0.133144
0.118409
0.138344
0.113919
0.114021
0.153354
0.114181
0.116658
0.119393
0.114005
0.123761
0.149241
0.133813
0.116923
0.108281
0.119239
0.115885
0.111906
0.124181
0.099460
0.124988
0.104873
0.125696
0.130799
0.111535
0.108314
0.113323
0.115685
0.125584
0.141047
0.122861
0.128890
0.123637
0.112565
0.107283
0.107199
0.129365
0.112505
0.358420
0.374595
0.137742
0.146793
0.110339
0.148879
0.117856
0.117797
0.107701
0.120710
0.132201
0.106646
0.111466
0.110022
0.106853
0.121412
0.112403
0.120852
0.100652
0.108989
0.129648
0.113558
0.116749
0.112046
0.116202
0.119426
0.113234
0.111733
0.133953
0.114948
