1.403298
0.135103
0.160722
0.155688
0.172115
0.193322
0.211353
0.160847
0.135142
0.130534
0.156369
0.130132
0.186737
0.163528
0.167988
0.130529
0.147296
0.152524
0.186755
0.161092
0.172986
0.139878
0.444555
0.388026
0.203748
0.204208
0.180269
0.150559
0.131299
0.181753
0.177611
0.179925
0.174954
0.167143
0.166200
0.200000
0.154244
0.179206
0.313462
0.137250
0.159554
0.159828
0.195332
0.158546
0.161276
0.173003
0.178236
0.197661
0.180192
0.162250
0.437867
0.367057
0.239603
0.148956
0.147189
0.145760
0.153399
0.189849
0.184610
0.174087
0.176549
0.189273
0.170912
0.201393
0.178482
0.216607
0.189655
0.169519
0.227802
0.192777
0.171829
0.166100
0.481664
0.625029
0.210539
0.300634
0.189053
0.192810
0.291672
0.232599
0.174047
0.208001
0.179596
0.206680
0.171963
0.183362
0.233512
0.155936
0.243301
0.262931
0.119462
0.170630
0.177016
0.221029
0.249310
0.197889
0.224693
0.315503
0.225687
0.516808
0.202395
0.191865
0.161285
0.213787
0.194434
0.185343
0.228972
0.455171
0.366044
0.155143
0.212788
0.223520
0.140740
0.178403
0.148850
0.162973
0.182923
0.160841
0.132765
0.153064
0.192071
0.225017
0.167088
0.169249
0.176728
0.179624
0.692113
0.459338
0.155899
0.182960
0.317226
0.152762
0.171755
0.197060
0.215383
0.195203
0.256055
0.158517
0.198788
0.160599
0.239485
0.197446
0.245894
0.191508
0.193006
0.141104
0.213297
0.191327
0.228544
0.277977
0.176976
0.489535
0.346133
0.171218
0.169637
0.193640
0.152443
0.188344
0.178373
0.137118
0.242151
0.154834
0.154281
0.144444
0.163695
0.257792
0.241010
0.234161
0.233419
0.179111
0.187764
0.283011
0.214889
0.193164
0.227562
0.236618
0.573394
0.476621
0.239145
0.379122
0.558618
0.236697
0.332852
0.256341
0.148319
0.207501
0.200424
0.123335
0.190436
0.248414
0.246576
0.214226
0.157351
0.184886
0.261179
0.214085
0.151863
0.188172
0.209466
0.185420
0.170723
0.283875
0.227785
0.223953
0.206311
0.207099
0.242967
0.446469
0.182088
0.280259
0.234841
0.158411
0.179504
0.165655
0.239764
0.198336
0.252984
0.147394
0.164680
0.158655
0.181947
0.209778
0.178349
0.164936
0.159659
0.158359
0.161967
0.200810
0.712212
0.296147
0.237081
0.165287
0.188889
0.205383
0.233001
0.158594
0.254561
0.169599
0.171767
0.169804
0.183378
0.578914
0.183702
0.157814
0.125118
0.159498
0.155687
0.177257
0.202749
0.203961
0.178008
0.217997
0.164324
0.176973
0.166632
0.171801
0.208761
0.343471
0.578826
0.159691
0.209426
0.148930
0.176607
0.177802
0.216302
0.212885
0.175828
0.195420
0.249124
0.261250
0.176484
0.227711
0.171531
0.144959
0.126190
0.158397
0.145686
0.189208
0.246430
0.191107
0.214462
0.207502
0.343078
0.471988
0.295933
0.173165
0.199828
0.147202
0.147525
0.150338
0.183720
0.147194
0.191580
0.200888
0.099118
0.209791
0.277323
0.166218
0.224599
0.192267
0.212260
0.170383
0.277320
0.177313
0.188777
0.174936
0.209659
0.204490
0.587948
0.451457
0.189679
0.202211
0.311720
0.188140
0.495726
0.186470
0.157945
0.174671
0.154689
0.187944
0.159350
0.166922
0.169593
0.151882
0.164506
0.171234
0.189978
0.257723
0.212106
0.201067
0.164500
0.169342
0.182397
0.168737
0.161642
0.165166
0.149545
0.191348
0.159181
0.254596
0.501269
0.155921
0.171103
0.218457
0.192188
0.184101
0.247749
0.218187
0.287205
0.253199
0.164874
0.239540
0.173229
0.181455
0.150739
0.200796
0.217775
0.236478
0.288509
0.230493
0.168880
0.126329
0.160702
0.188209
0.236066
0.228770
0.174852
0.185344
0.148838
0.300473
0.463801
0.426508
0.282973
0.198259
0.234495
0.238862
0.196746
0.197626
0.211288
0.177714
0.424192
0.299645
0.462963
0.188104
0.197972
0.169082
0.231307
0.212577
0.203519
0.169332
0.213808
0.241931
0.536779
0.504603
0.209857
0.198499
0.184154
0.135484
0.183176
0.182984
0.156424
0.164281
0.200972
0.246588
0.233172
0.201945
0.220534
0.163673
0.202563
0.243880
0.171732
0.180288
0.225107
0.189981
0.195063
0.146607
0.623579
0.445060
0.146810
0.234338
0.179971
0.232618
0.224169
0.190335
0.246414
0.133572
0.190669
0.145581
0.190106
0.192109
0.183348
0.155616
0.280793
0.184081
0.204774
0.180279
0.191532
0.240757
0.247221
0.185945
0.388410
0.496147
0.196839
0.145737
0.166975
0.196566
0.174290
0.169750
0.153807
0.615723
0.371007
0.292147
0.174401
0.223890
0.192837
0.177140
0.214967
0.209965
0.184629
0.173528
0.170368
0.205559
0.154193
0.181943
0.168425
0.195143
0.385123
0.515020
0.180979
0.266850
0.152641
0.134159
0.133584
0.191897
0.185222
0.159359
0.221587
0.167423
0.217015
0.211093
0.171974
0.213844
0.180724
0.236077
0.225830
0.265549
0.280351
0.217079
0.196781
0.193163
0.180076
0.621493
0.184515
0.295017
0.296832
0.174407
0.171054
0.177382
0.201208
0.275284
0.259887
0.195510
0.239825
0.179618
0.178056
0.193680
0.179814
0.276650
0.247101
0.303509
0.211253
0.155682
0.163124
0.127813
0.191816
0.240928
0.339859
0.363410
0.517543
0.634122
0.150935
0.252221
0.209542
0.255078
0.208677
0.194334
0.201743
0.247415
0.237715
0.185052
0.175176
0.207638
0.131315
0.183631
0.154360
0.196730
0.200161
0.219580
0.265727
0.173393
0.187933
0.164812
0.650555
0.465519
0.148394
0.153710
0.212345
0.120434
0.167659
0.185568
0.182756
0.179170
0.174462
0.191564
0.160160
0.186264
0.186575
0.209125
0.166957
0.142956
0.220671
0.223091
0.179115
0.169807
0.248317
0.210201
0.214363
0.228487
0.245046
0.154850
0.143682
0.158608
0.159941
0.168244
0.453322
0.387188
0.205261
0.193750
0.168125
0.157497
0.165953
0.233515
0.221287
0.169458
0.239697
0.364657
0.151384
0.168369
0.157051
0.188497
0.301448
0.171722
0.148876
0.159059
0.191939
0.176785
0.178456
0.152040
0.177780
0.430715
0.264438
0.372256
0.189894
0.152655
0.181616
0.212328
0.176494
0.139592
0.233594
0.192856
0.180733
0.195746
0.153716
0.224842
0.163247
0.223788
0.242958
0.223055
0.220324
0.211116
0.196826
0.174860
0.205532
0.200371
0.260486
0.194076
0.137393
0.223620
0.199883
0.175189
0.168833
0.436441
0.255186
0.420223
0.184365
0.150293
0.166953
0.171613
0.171163
0.193962
0.127911
0.197708
0.212447
0.185457
0.189827
0.138551
0.166288
0.158540
0.168899
0.399831
0.493140
0.243292
0.190343
0.143988
0.222200
0.201599
0.175314
0.221388
0.206604
0.198613
0.286989
0.695020
0.133596
0.181318
0.184069
0.161057
0.199912
0.175174
0.133586
0.203585
0.240888
0.168790
0.264837
0.212404
0.197896
0.209723
0.201970
0.203815
0.180684
0.154367
0.206795
0.199833
0.175069
0.185445
0.206985
0.221499
0.208002
0.184559
0.143189
0.128481
0.236706
0.137894
0.199661
0.337210
0.479475
0.186852
0.231928
0.152728
0.135812
0.192244
0.138468
0.172553
0.229497
0.174689
0.182852
0.123441
0.190314
0.168166
0.140057
0.234838
0.186860
0.175873
0.206304
0.155143
0.213220
0.212717
0.166568
0.192388
0.201350
0.246447
0.199937
0.325024
0.253724
0.459365
0.267718
0.203754
0.192601
0.228806
0.198460
0.246133
0.231259
0.233564
0.123967
0.154148
0.140062
0.134136
0.234363
0.150808
0.223100
0.151136
0.143886
0.223894
0.162261
0.177943
0.170571
0.187154
0.213502
0.173425
0.209805
0.623287
0.437054
0.206194
0.134377
0.144889
0.158599
0.203067
0.231556
0.236309
0.241500
0.169583
0.173047
0.302376
0.225315
0.181207
0.181008
0.167719
0.138014
0.196760
0.218823
0.156949
0.176679
0.153810
0.181964
0.196992
0.214111
0.195065
0.221966
0.369201
0.524727
0.156145
0.159566
0.153826
0.142239
0.148332
0.161462
0.151647
0.293796
0.176144
0.188892
0.360028
0.187722
0.243624
0.179846
0.166884
0.182911
0.173139
0.185326
0.182876
0.190947
0.326803
0.133571
0.146991
0.238288
0.249859
0.590010
0.493196
0.241055
0.247670
0.205195
0.194787
0.225217
0.177666
0.173342
0.165125
0.184332
0.219717
0.188052
0.231019
0.165702
0.183305
0.254360
0.188452
0.351549
0.143046
0.185787
0.220226
0.201695
0.287283
0.148571
0.253324
0.190025
0.190326
0.166998
0.285618
0.349532
0.294556
0.255637
0.223934
0.204718
0.181341
0.232279
0.247657
0.227702
0.190921
0.209880
0.268054
0.177272
0.182688
0.171122
0.161498
0.161810
0.222861
0.172577
0.241144
0.144983
0.144113
0.207822
0.149615
0.340356
0.194834
0.175589
0.574473
0.508037
0.208190
0.240462
0.150513
0.166737
0.214744
0.268561
0.219010
0.165893
0.249599
0.166298
0.159188
0.177917
0.219888
0.237901
0.183809
0.165426
0.173010
0.178884
0.138444
0.153156
0.203924
0.147264
0.245740
0.170859
0.179646
0.259193
0.202907
0.156677
0.140026
0.448466
0.733172
0.200452
0.230553
0.187098
0.261352
0.168111
0.173363
0.203499
0.215315
0.221866
0.187200
0.226764
0.181419
0.204343
0.191994
0.209620
0.179944
0.156404
0.202658
0.172042
0.180701
0.178150
0.231819
0.167373
0.363111
0.297202
0.453800
0.168512
0.204296
0.171855
0.175336
0.459475
0.401159
0.152016
0.219449
0.210381
0.132293
0.257493
0.175010
0.164296
0.170673
0.173131
0.253203
0.198542
0.148726
0.163361
0.245595
0.178329
0.504882
0.184285
0.169370
0.190439
0.173481
0.155257
0.144497
0.179214
0.295597
0.180049
0.164112
0.180961
0.138778
0.159964
0.228427
0.266412
0.271116
0.184831
0.168627
0.313732
0.279655
0.168595
0.189740
0.193580
0.147597
0.210101
0.424195
0.542297
0.202441
0.183228
0.191645
0.154643
0.246339
0.287876
0.260856
0.198897
0.171640
0.253497
0.192132
0.186530
0.278338
0.287687
0.294724
0.243068
0.137429
0.189202
0.160206
0.143916
0.169596
0.377444
0.634575
0.302182
0.435511
0.164234
0.213135
0.289077
0.224520
0.145544
0.168608
0.181737
0.284236
0.205895
0.213584
0.217956
0.189024
0.236296
0.278924
0.201518
0.172990
0.155727
0.189141
0.148894
0.217714
0.194651
0.612229
0.431559
0.256097
0.227278
0.178676
0.169375
0.147764
0.175510
0.210135
0.258927
0.170591
0.202559
0.175445
0.262296
0.196985
0.196218
0.203474
0.118206
0.180679
0.142483
0.186877
0.185247
0.201751
0.194080
0.448485
0.305451
0.755483
0.246423
0.216451
0.121938
0.150851
0.163075
0.252261
0.316519
0.166375
0.144238
0.200970
0.150000
0.242949
0.259239
0.161926
0.219796
0.226358
0.196625
0.165436
0.409487
0.686199
0.136893
0.221037
0.268918
0.264086
0.214374
0.152117
0.160020
0.162326
0.146815
0.182488
0.164166
0.173083
0.143860
0.189420
0.123556
0.187281
0.242810
0.220702
0.269976
0.212424
0.189769
0.174419
0.181407
0.184332
0.172677
0.174532
0.176278
0.181865
0.148841
0.140076
0.386844
0.604967
0.217883
0.153359
0.195147
0.213134
0.200342
0.247904
0.204571
0.172572
0.159857
0.168751
0.183086
0.162547
0.199712
0.242184
0.189671
0.260498
0.182053
0.183142
0.168662
0.157368
0.124114
0.199644
0.506872
0.385513
0.158736
0.192541
0.163605
0.247328
0.246193
0.239071
0.275648
0.261982
0.185495
0.202232
0.173012
0.199708
0.143805
0.153908
0.191393
0.235741
0.164042
0.153810
0.220860
0.196146
0.258864
0.183674
0.187673
0.251746
0.290536
0.200345
0.168764
0.190824
0.207355
0.156976
0.511956
0.584249
0.216696
0.232830
0.176256
0.236877
0.188788
0.269044
0.169939
0.224286
0.231061
0.152851
0.145414
0.257070
0.200694
0.131145
0.247478
0.257619
0.150756
0.203975
0.176351
0.208935
0.173963
0.235827
0.427804
0.303936
0.263152
0.150200
0.192085
0.168382
0.246934
0.170861
0.183062
0.163353
0.273531
0.129038
0.182186
0.190089
0.210105
0.222209
0.210921
0.175298
0.491291
0.414156
0.185536
0.142578
0.225177
0.161337
0.178377
0.143362
0.141108
0.219164
0.689493
0.527687
0.186407
0.166656
0.182175
0.196004
0.156884
0.130695
0.141954
0.140386
0.163777
0.185821
0.133951
0.240506
0.134423
0.230926
0.229116
0.129911
0.182174
0.287280
0.247242
0.157336
0.143455
0.147002
0.158829
0.332686
0.654433
0.165243
0.214083
0.168480
0.190296
0.239609
0.204583
0.197753
0.183846
0.203672
0.188665
0.164365
0.157790
0.176358
0.187466
0.206725
0.150015
0.149542
0.195807
0.198869
0.156975
0.219346
0.233467
0.148443
0.170040
0.266845
0.275961
0.223950
0.198044
0.365089
0.514765
0.587117
0.189281
0.168630
0.211300
0.168007
0.228858
0.137844
0.336546
0.207103
0.152697
0.211689
0.251552
0.261239
0.196520
0.262827
0.198641
0.205356
0.150433
0.250688
0.258280
0.173794
0.121509
0.248946
0.280104
0.230811
0.261662
0.147256
0.154202
0.162067
0.186385
0.164631
0.241828
0.191984
0.294639
0.460441
0.567856
0.215502
0.220660
0.269720
0.125819
0.154649
0.149394
0.229583
0.176689
0.165824
0.184910
0.147030
0.171730
0.230377
0.146068
0.180597
0.155599
0.210513
0.127476
0.201582
0.130717
0.189816
0.157042
0.212047
0.195343
0.132848
0.151800
0.283210
0.223128
0.517184
0.863079
0.205281
0.404076
0.202807
0.250579
0.190711
0.240020
0.153686
0.187546
0.189280
0.179408
0.220819
0.167039
0.165170
0.206400
0.161408
0.181872
0.181584
0.146977
0.131222
0.138857
0.178127
0.212390
0.230681
0.120863
0.188652
0.182712
0.359062
0.440099
0.172623
0.175371
0.184123
0.144870
0.191532
0.141757
0.124731
0.163708
0.156477
0.177908
0.174244
0.175996
0.188201
0.198353
0.162469
0.205081
0.186635
0.205451
0.214804
0.182816
0.187928
0.133678
0.260188
0.261798
0.602142
0.206366
0.147957
0.188469
0.205372
0.162538
0.191482
0.242153
0.171868
0.209343
0.238611
0.133574
0.171580
0.343194
0.231150
0.369404
0.136572
0.214154
0.199914
0.178871
0.134166
0.201436
0.193167
0.144079
0.339991
0.614571
0.184952
0.190377
0.156616
0.185173
0.175858
0.186477
0.149801
0.185686
0.175309
0.207113
0.184654
0.184782
0.194956
0.179118
0.243019
0.171581
0.190234
0.235109
0.207498
0.262406
0.258332
0.169854
0.214077
0.507946
0.481129
0.179540
0.321276
0.245132
0.296939
0.140013
0.151776
0.199312
0.156811
0.225088
0.212328
0.302025
0.229837
0.158309
0.218360
0.148832
0.228378
0.172598
0.168274
0.226106
0.169210
0.193879
0.185540
0.193602
0.232253
0.191313
0.196328
0.325846
0.226101
0.736134
0.459918
0.224965
0.244577
0.172802
0.181254
0.143342
0.238442
0.180721
0.196244
0.145519
0.206266
0.145879
0.238788
0.166121
0.241663
0.189031
0.157677
0.147145
0.133223
0.119073
0.224296
0.185102
0.186928
0.158458
0.282537
0.181914
0.258364
0.248664
0.323281
0.391211
0.142369
0.169343
0.172051
0.166352
0.168258
0.187151
0.179202
0.242079
0.213062
0.160224
0.170176
0.178353
0.151971
0.191858
0.207393
0.209057
0.254508
0.277393
0.220244
0.182014
0.164710
0.199326
0.135232
0.138794
0.247276
0.162648
0.202169
0.420233
0.485774
0.184589
0.167649
0.178803
0.175418
0.203835
0.219057
0.199155
0.343184
0.235690
0.144616
0.173029
0.221974
0.181520
0.132903
0.115631
0.160328
0.201652
0.179887
0.169051
0.209543
0.144257
0.132736
0.136915
0.177324
0.177137
0.181028
0.201350
0.531301
0.292124
0.178921
0.127088
0.162061
0.185269
0.165579
0.242195
0.169955
0.198903
0.182417
0.176986
0.173427
0.144494
0.181679
0.207443
0.197985
0.184734
0.119600
0.147229
0.228237
0.203165
0.197775
0.146449
0.142146
0.171850
0.194967
0.372367
0.494015
0.233668
0.137732
0.133552
0.139746
0.164713
0.179719
0.194121
0.118417
0.234793
0.117194
0.248847
0.198548
0.158256
0.126562
0.199060
0.172571
0.191596
0.185575
0.140828
0.151900
0.377918
0.459187
0.202519
0.186333
0.190134
0.537107
0.233542
0.248819
0.165133
0.215955
0.221993
0.158153
0.229766
0.154869
0.144871
0.235812
0.266908
0.211936
0.226856
0.174870
0.186585
0.174548
0.233147
0.135436
0.181195
0.148856
0.138841
0.215621
0.661440
0.506261
0.283638
0.222075
0.134152
0.210714
0.197507
0.210472
0.174460
0.208542
0.169016
0.180986
0.244915
0.197988
0.169872
0.212676
0.152787
0.215006
0.149477
0.242178
0.221667
0.171979
0.160908
0.239136
0.216028
0.167282
0.135667
0.244987
0.172328
0.188956
0.262937
0.225963
0.224230
0.188620
0.127984
0.370486
0.448798
0.240698
0.162440
0.219940
0.317766
0.646197
0.176292
0.227691
0.206010
0.138975
0.158403
0.124884
0.223623
0.161546
0.200594
0.144208
0.197666
0.145099
0.158969
0.148509
0.112149
0.132428
0.225173
0.124522
0.140472
0.211781
0.198145
0.262182
0.506191
0.181695
0.240950
0.189237
0.169014
0.169121
0.172635
0.272996
0.205538
0.177145
0.189661
0.215387
0.167652
0.185806
0.173540
0.144552
0.137660
0.126902
0.130715
0.187618
0.193350
0.138452
0.200136
0.150584
0.180593
0.162015
0.489218
0.309178
0.309402
0.227033
0.206630
0.193171
0.201842
0.168755
0.153197
0.171914
0.170184
0.171812
0.159923
0.207059
0.247410
0.174344
0.635285
0.515638
0.212363
0.201192
0.503924
0.366940
0.246807
0.194436
0.159803
0.173425
0.127376
0.197844
0.152199
0.169614
0.199815
0.173701
0.122664
0.154943
0.189976
0.183654
0.194724
0.170021
0.538025
0.316441
0.412498
0.151596
0.219924
0.159838
0.135552
0.202691
0.281134
0.235174
0.262714
0.212834
0.218541
0.162914
0.345658
0.162254
0.180989
0.216835
0.184177
0.215548
0.165009
0.190933
0.171598
0.254750
0.166007
0.269852
0.170008
0.135466
0.149561
0.216622
0.155529
0.140181
0.952800
0.221154
0.193142
0.207552
0.229558
0.163798
0.170139
0.211152
0.134951
0.387328
0.399389
0.210061
0.193949
0.204213
0.153318
0.150611
0.160827
0.254134
0.242079
0.183318
0.182563
0.190241
0.197819
0.141462
0.190168
0.345362
0.538959
0.210083
0.254404
0.181553
0.208663
0.184351
0.142371
0.224546
0.189143
0.183558
0.198685
0.225015
0.190301
0.230746
0.155144
0.186995
0.146891
0.232868
0.179599
0.151067
0.139065
0.147272
0.188522
0.148406
0.185089
0.193154
0.187823
0.257275
0.448494
0.137267
0.191789
0.136171
0.153315
0.221530
0.228146
0.244901
0.163886
0.216586
0.217439
0.186852
0.193983
0.189789
0.215499
0.151230
0.183129
0.173938
0.151747
0.133328
0.176482
0.243875
0.185904
0.421838
0.235177
0.483185
0.623165
0.202505
0.132609
0.237998
0.189706
0.168316
0.171481
0.182139
0.168312
0.200810
0.153939
0.214297
0.183428
0.210720
0.161396
0.163920
0.180239
0.148888
0.187371
0.136414
0.145630
0.205760
0.155909
0.230115
0.176185
0.199836
0.490517
0.603000
0.192846
0.253857
0.208317
0.154340
0.197354
0.173070
0.196784
0.258483
0.155001
0.251976
0.191988
0.251578
0.165452
0.201126
0.145238
0.193559
0.232488
0.236984
0.154379
0.152820
0.155827
0.186554
0.215883
0.169253
0.294337
0.755464
0.258712
0.252749
0.204839
0.205609
0.211764
0.218241
0.193542
0.212202
0.179628
0.312239
0.277965
0.172036
0.120872
0.221719
0.218502
0.167230
0.195364
0.166307
0.224624
0.139948
0.239962
0.132482
0.280606
0.192051
0.276338
0.430261
0.209854
0.158161
0.155136
0.175692
0.151493
0.167613
0.220348
0.286360
0.208598
0.221125
0.135163
0.164667
0.155187
0.191395
0.143513
0.238379
0.164316
0.239071
0.163069
0.143290
0.177916
0.210685
0.211105
0.178441
0.169054
0.286044
0.261602
0.419786
0.507677
0.233723
0.160590
0.237052
0.251758
0.253807
0.164634
0.166459
0.172543
0.168626
0.216582
0.186981
0.171533
0.150042
0.160725
0.157477
0.199530
0.155787
0.245801
0.161242
0.171030
0.154078
0.367083
0.404256
0.150085
0.182103
0.160175
0.138038
0.234913
0.206365
0.447645
0.336445
0.172418
0.198896
0.227324
0.178636
0.192413
0.225728
0.174196
0.191685
0.168210
0.134787
0.168702
0.219242
0.134446
0.182108
0.202314
0.169317
0.182147
0.168180
0.218834
0.178506
0.169912
0.194204
0.154287
0.176178
1.017392
0.785948
0.264412
0.191716
0.177408
0.191098
0.139548
0.170832
0.174239
0.208016
0.172695
0.168319
0.172991
0.195892
0.191248
0.145103
0.152940
0.183262
0.192275
0.177713
0.145379
0.166927
0.177577
0.208425
0.116053
0.184942
0.211268
0.155303
0.445420
0.433713
0.231850
0.202335
0.324665
0.234445
0.138782
0.178560
0.125060
0.225145
0.131082
0.154329
0.135939
0.364733
0.204131
0.191540
0.255402
0.194910
0.177167
0.209056
0.206383
0.223167
0.684988
0.585149
0.300224
0.134537
0.207874
0.140630
0.171012
0.302643
0.208037
0.273690
0.195515
0.152277
0.220236
0.198762
0.149081
0.196098
0.211937
0.147885
0.250703
0.178255
0.141042
0.181443
0.300842
0.498044
0.176983
0.224950
0.187810
0.185001
0.209716
0.198630
0.209906
0.142065
0.173032
0.114881
0.135648
0.191784
0.176364
0.238041
0.221313
0.152255
0.134584
0.143878
0.139059
0.158214
0.156624
0.250018
0.196200
0.172855
0.237608
0.237289
0.412460
0.725955
0.369034
0.181071
0.161813
0.226578
0.218048
0.185900
0.196761
0.293823
0.193419
0.166556
0.168021
0.162757
0.191344
0.193495
0.184738
0.149699
0.164098
0.199240
0.162777
0.259308
0.179849
0.138377
0.214741
0.153086
0.128705
0.365925
0.295933
0.404614
0.192806
0.202208
0.131305
0.199766
0.166657
0.123451
0.245289
0.245433
0.185566
0.169679
0.235113
0.153087
0.155182
0.151405
0.167033
0.184128
0.180293
0.175640
0.165370
0.203833
0.221817
0.186449
0.194576
0.150229
0.235319
0.208443
0.216159
0.175042
0.501159
0.207801
0.223768
0.156325
0.174692
0.142974
0.138729
0.156967
0.151710
0.184488
0.179666
0.191710
0.341406
0.820317
0.141714
0.176510
0.275708
0.142325
0.171772
0.195008
0.217703
0.253456
0.134130
0.179591
0.132284
0.179843
0.160611
0.176361
0.181951
0.198734
0.396200
0.482704
0.226428
0.186873
0.257241
0.205341
0.201649
0.265803
0.210672
0.185953
0.132142
0.206241
0.164832
0.146665
0.189107
0.137682
0.253007
0.124750
0.172001
0.201987
0.201204
0.441967
0.501120
0.194678
0.116511
0.146363
0.218714
0.173702
0.188645
0.144798
0.143389
0.237980
0.154123
0.187618
0.259886
0.200021
0.194236
0.218455
0.267308
0.194620
0.210668
0.183814
0.193135
0.154546
0.203405
0.180043
0.199903
0.330810
0.904515
0.267315
0.265062
0.132563
0.152880
0.175937
0.161047
0.145520
0.159960
0.213225
0.130878
0.197586
0.172219
0.151272
0.154712
0.139681
0.179027
0.208705
0.313462
0.209026
0.166757
0.154575
0.237716
0.129592
0.175363
0.199313
0.164981
0.173086
0.194417
0.177769
0.500684
0.477739
0.260589
0.200399
0.194306
0.183314
0.193459
0.216213
0.125615
0.156625
0.209353
0.204567
0.233387
0.190549
0.235548
0.228291
0.186826
0.159620
0.174146
0.151358
0.184984
0.201900
0.199811
0.126598
0.175361
0.131264
0.179478
0.286263
0.275019
0.281800
0.216522
0.223012
0.262546
0.170973
0.226882
0.200392
0.216635
0.448099
0.200314
0.192490
0.161289
0.185801
0.164364
0.242517
0.207401
0.279653
0.131087
0.190144
0.172440
0.162204
0.186418
0.216627
0.177321
0.321694
0.249152
0.500567
0.155957
0.238821
0.237239
0.215427
0.138940
0.176372
0.152721
0.147309
0.186855
0.160486
0.216536
0.119607
0.191664
0.138076
0.247246
0.173425
0.160128
0.234686
0.270472
0.200626
0.178717
0.244964
0.130486
0.215008
0.185420
0.128851
0.167156
0.154864
0.460098
0.376809
0.215809
0.128651
0.196223
0.173251
0.168750
0.166225
0.136191
0.127736
0.228888
0.159638
0.196599
0.154871
0.166161
0.229910
0.157994
0.167346
0.167246
0.128717
0.297936
0.394251
0.152191
0.160191
0.157227
0.156044
0.186383
0.292796
0.477662
0.200003
0.286111
0.204893
0.290021
0.197204
0.147853
0.146594
0.199448
0.189738
0.230203
0.198960
0.253947
0.128891
0.233772
0.195309
0.170493
0.212398
0.300858
0.149898
0.250079
0.200196
0.199984
0.280752
0.372212
0.442214
0.166242
0.164098
0.216820
0.205295
0.238228
0.196601
0.217812
0.195279
0.167684
0.179042
0.186246
0.192688
0.172331
0.254474
0.202411
0.171475
0.172621
0.148146
0.209083
0.196927
0.189524
0.159464
0.196388
0.211370
0.296104
0.424622
0.250370
0.197696
0.218409
0.260455
0.162803
0.137188
0.137274
0.196827
0.191974
0.716813
0.165758
0.153445
0.167772
0.203354
0.246167
0.199143
0.208069
0.157238
0.205005
0.157279
0.161851
0.192112
0.151152
0.173125
0.244204
0.124383
0.214702
0.150267
0.154175
0.449022
0.263135
0.185331
0.135681
0.141717
0.258093
0.382062
0.212080
0.325439
0.187760
0.225783
0.117648
0.183370
0.138592
0.191216
0.252440
0.195725
0.173668
0.228940
0.235622
0.174377
0.143493
0.241086
0.156976
0.189693
0.160807
0.213125
0.750357
0.522082
0.230152
0.282059
0.164245
0.129685
0.167002
0.205349
0.166799
0.168040
0.168010
0.216243
0.180045
0.135944
0.214736
0.165565
0.275249
0.173747
0.172357
0.148840
0.532232
0.173261
0.192067
0.661818
0.211163
0.196068
0.239392
0.261463
0.181627
0.298689
0.161034
0.209294
0.214674
0.187722
0.173867
0.172228
0.183464
0.176621
0.192354
0.224393
0.201201
0.176525
0.178561
0.252541
0.190638
0.231558
0.158717
0.247387
0.199975
0.140294
0.270141
0.256289
0.413453
0.326349
0.395690
0.219213
0.254325
0.156665
0.166233
0.193058
0.176360
0.297736
0.272349
0.303979
0.199108
0.311730
0.193757
0.178209
0.279928
0.250561
0.275468
0.194544
0.172756
0.278302
0.201325
0.217471
0.157550
0.179727
0.141587
0.207580
0.172496
0.278138
0.248572
0.447021
0.291571
0.205189
0.537922
0.255643
0.317416
0.247511
0.199489
0.208674
0.202374
0.216480
0.210875
0.210769
0.197816
0.169325
0.181574
0.168401
0.137149
0.191013
0.211342
0.163742
0.137898
0.175978
0.186403
0.223216
0.230554
0.169020
0.218806
0.169363
0.138575
0.192527
0.553870
0.325104
0.502910
0.221582
0.280644
0.161962
0.162690
0.193983
0.188852
0.230655
0.202198
0.256697
0.235539
0.171603
0.198263
0.173289
0.205999
0.181886
0.211546
0.172532
0.331834
0.249921
0.189263
0.171599
0.204460
0.418633
0.540290
0.273210
0.140690
0.198644
0.173036
0.187631
0.720432
0.153575
0.238520
0.182237
0.163587
0.188232
0.253485
0.246217
0.169560
0.187674
0.217085
0.184937
0.187658
0.188984
0.153406
0.276351
0.168766
0.532340
0.431701
0.286578
0.196370
0.202759
0.215879
0.171815
0.235385
0.175567
0.220605
0.159419
0.184250
0.180375
0.162575
0.201139
0.193769
0.189002
0.175831
0.144725
0.185423
0.199614
0.181199
0.179842
0.179170
0.193240
0.174444
0.411339
0.591732
0.217188
0.167160
0.178430
0.192106
0.151612
0.197980
0.119367
0.148603
0.140652
0.174528
0.276619
0.197296
0.160251
0.136328
0.264297
0.163042
0.125149
0.167809
0.143814
0.212353
0.412395
0.512729
0.154494
0.169794
0.162402
0.199000
0.179923
0.152041
0.122280
0.171105
0.218192
0.521898
0.485864
0.188644
0.163747
0.192734
0.139997
0.146354
0.272854
0.240609
0.198564
0.209845
0.199920
0.141447
0.187096
0.177582
0.210342
0.177727
0.163039
0.176637
0.122153
0.201454
0.279443
0.165489
0.196803
0.151753
0.167269
0.142737
0.163768
0.155216
0.448704
0.478594
0.104360
0.207458
0.207030
0.191463
0.159038
0.190270
0.170565
0.115636
0.184909
0.253120
0.129568
0.143742
0.172683
0.178599
0.182762
0.155552
0.117158
0.226363
0.189645
0.140781
0.241082
0.170442
0.151841
0.159788
0.191046
0.168057
0.441865
0.613896
0.516889
0.165199
0.171067
0.135575
0.189941
0.143932
0.188876
0.196882
0.197126
0.176759
0.190567
0.142346
0.202147
0.199251
0.162130
0.133581
0.346878
0.244473
0.484339
0.136787
0.174431
0.122148
0.139914
0.133390
0.162340
0.180626
0.179147
0.187826
0.221875
0.150210
0.229764
0.282341
0.466357
0.149500
0.237843
0.205831
0.247656
0.225871
0.187785
0.198066
0.208881
0.241127
0.192267
0.134952
0.194004
0.128461
0.155082
0.241070
0.140439
0.158462
0.170002
0.151203
0.138201
0.145115
0.130458
0.149930
0.149610
0.165006
0.160580
0.356520
0.385437
0.417411
0.341995
0.160557
0.204383
0.169521
0.143273
0.178775
0.168422
0.182289
0.158030
0.137707
0.140410
0.170034
0.137651
0.126708
0.206389
0.116367
0.136934
0.130103
0.128079
0.121728
0.162421
0.107275
0.117863
0.129553
0.220272
0.163275
0.145422
0.169594
0.534071
0.592704
0.122548
0.264595
0.222189
0.236238
0.145908
0.160062
0.191284
0.189321
0.192346
0.179574
0.211274
0.215972
0.196037
0.257048
0.163650
0.164995
0.155327
0.145033
0.260818
0.129456
0.194264
0.229830
0.216930
0.116837
0.249007
0.216902
0.158585
0.491030
0.684779
0.174210
0.113449
0.165869
0.156649
0.450111
0.234868
0.146887
0.183988
0.162213
0.165180
0.250117
0.149379
0.258742
0.162030
0.125949
0.163338
0.135522
0.184115
0.160992
0.265970
0.178042
0.258146
0.214486
0.263847
0.188593
0.283792
0.223472
0.484018
0.458387
0.158541
0.163414
0.285161
0.147750
0.160690
0.232712
0.141143
0.125762
0.140572
0.144253
0.155633
0.149062
0.138773
0.125856
0.130386
0.160126
0.147027
0.136921
0.132940
0.251284
0.208599
0.151468
0.126390
0.159854
0.503946
0.464613
0.151827
0.222534
0.178175
0.202557
0.170177
0.165393
0.205277
0.122298
0.191193
0.149160
0.162730
0.155213
0.206204
0.107063
0.385596
0.553585
0.161885
0.206609
0.117542
0.181371
0.222191
0.181499
0.461568
0.203995
0.190559
0.218428
0.163033
0.281109
0.126525
0.524531
0.162926
0.134785
0.224323
0.168955
0.131576
0.154015
0.125488
0.153126
0.135581
0.172405
0.165129
0.191627
0.160905
0.173045
0.135808
0.172372
0.221816
0.150625
0.130935
0.160407
0.189265
0.208820
0.234447
0.549761
0.665998
0.103033
0.102436
0.170567
0.145464
0.128914
0.133811
0.176987
0.130189
0.142201
0.127582
0.147704
0.139356
0.166447
0.103213
0.119538
0.163384
0.180138
0.139243
0.323050
0.209039
0.168477
0.117549
0.144995
0.149875
0.242745
0.168989
0.166950
0.157242
0.168266
0.144367
0.516774
0.218848
0.426503
0.252324
0.193377
0.204422
0.160072
0.149132
0.144443
0.201210
0.203921
0.169560
0.224140
0.122384
0.187923
0.183712
0.152929
0.181179
0.193085
0.144847
0.139054
0.148583
0.160777
0.156950
0.175775
0.220966
0.510279
0.200160
0.156709
0.177875
0.179731
0.218103
0.207943
0.213581
0.173266
0.172331
0.178222
0.232719
0.166184
0.149842
0.214438
0.165907
0.317760
0.278670
0.184060
0.165548
0.178745
0.153422
0.170217
0.170470
0.156115
0.176214
0.356543
0.557231
0.526967
0.145901
0.135073
0.612633
0.271400
0.116148
0.201753
0.152386
0.143691
0.170146
0.190237
0.199984
0.134829
0.191495
0.176095
0.135860
0.180798
0.199951
0.150480
0.159086
0.147897
0.263039
0.181078
0.179725
0.161209
0.128046
0.187400
0.140519
0.120682
0.179694
0.211395
0.342511
0.389308
0.167571
0.151032
0.188883
0.139238
0.153917
0.210417
0.161729
0.149348
0.144181
0.099284
0.203582
0.144825
0.172989
0.224199
0.161424
0.241029
0.161103
0.136645
0.194166
0.128199
0.133356
0.126025
0.154487
0.131490
0.402595
0.515810
0.188203
0.150219
0.224893
0.144254
0.178305
0.125334
0.128512
0.198009
0.360810
0.537273
0.203053
0.136863
0.164640
0.152412
0.195144
0.197465
0.185423
0.165912
0.154933
0.187499
0.127277
0.160507
0.228022
0.517683
0.637980
0.164288
0.132018
0.144646
0.131947
0.176109
0.238085
0.245040
0.178840
0.146880
0.192274
0.181744
0.168015
0.154200
0.182367
0.154237
0.169239
0.194367
0.197935
0.186569
0.275058
0.195071
0.190322
0.177022
0.139514
0.131753
0.220677
0.137798
0.136574
0.753204
0.442210
0.245845
0.207604
0.273547
0.172972
0.220603
0.222873
0.169790
0.136913
0.210562
0.194099
0.202805
0.287445
0.177413
0.226969
0.247317
0.181630
0.250405
0.201259
0.166140
0.129533
0.413571
0.242738
0.459951
0.235669
0.511571
0.167149
0.270267
0.190811
0.226164
0.153916
0.230812
0.163401
0.205554
0.138004
0.174572
0.233380
0.241055
0.173857
0.149637
0.206075
0.178320
0.220167
0.200516
0.181540
0.169617
0.149046
0.193735
0.141432
0.147566
0.249465
0.714358
0.443111
0.174652
0.154337
0.210594
0.221302
0.170815
0.159976
0.164180
0.222506
0.172749
0.143723
0.200192
0.162635
0.161400
0.148087
0.145876
0.153260
0.128296
0.148849
0.162672
0.184591
0.216977
0.158527
0.366061
0.477661
0.232484
0.113011
0.155915
0.163919
0.211924
0.160785
0.177821
0.187993
0.149002
0.191488
0.434560
0.435359
0.158432
0.189650
0.204230
0.206252
0.186280
0.141731
0.106155
0.131278
0.140165
0.179726
0.435603
0.366038
0.132478
0.147437
0.210035
0.232114
0.214727
0.187089
0.160154
0.223326
0.197681
0.169010
0.181222
0.182536
0.185855
0.155158
0.200884
0.159281
0.167702
0.163835
0.179737
0.135733
0.188990
0.099591
0.124617
0.488327
0.153591
0.304001
0.094064
0.135151
0.150311
0.150953
0.125722
0.120856
0.176475
0.187112
0.221203
0.122375
0.177810
0.179709
0.185964
0.184107
0.161574
0.161697
0.169563
0.176663
0.203558
0.149123
0.195650
0.170892
0.147085
0.172836
0.179850
0.496475
0.535592
0.180825
0.414803
0.450945
0.138347
0.151223
0.150664
0.248745
0.199025
0.287700
0.219435
0.172823
0.165659
0.218654
0.208040
0.183719
0.200813
0.181662
0.218729
0.212154
0.205305
0.193925
0.124849
0.244622
0.167021
0.229318
0.159515
0.130357
0.166413
0.158524
0.299033
0.188127
0.497480
0.741302
0.259073
0.202702
0.257779
0.242547
0.121116
0.183899
0.338761
0.187809
0.209778
0.217635
0.268048
0.192829
0.267502
0.217809
0.227352
0.230222
0.172656
0.170607
0.284826
0.182822
0.260501
0.189121
0.190438
0.310386
0.177326
0.214732
0.170468
0.428210
0.277445
0.435804
0.212243
0.174531
0.244100
0.379861
0.228564
0.431617
0.142567
0.133476
0.176773
0.128498
0.136999
0.147562
0.148773
0.234661
0.136511
0.160081
0.265046
0.203668
0.232735
0.184463
0.392794
0.579809
0.172801
0.167954
0.137689
0.197857
0.173811
0.151459
0.231342
0.126241
0.143071
0.139157
0.201151
0.218534
0.146067
0.160431
0.176641
0.285061
0.136440
0.179580
0.131028
0.204427
0.200736
0.185960
0.135581
0.183882
0.175466
0.195458
0.182329
0.198728
0.217207
0.272332
0.560320
0.152682
0.196235
0.217684
0.189796
0.184689
0.200880
0.168690
0.201073
0.162435
0.152796
0.368876
0.597807
0.115127
0.203232
0.257690
0.166553
0.478471
0.256042
0.395998
0.189340
0.202405
0.132463
0.134825
0.193150
0.189318
0.148281
0.191613
0.155640
0.177169
0.202176
0.220749
0.202040
0.139936
0.163164
0.173358
0.209286
0.206431
0.184413
0.169316
0.183317
0.166712
0.170707
0.181234
0.117277
0.434235
0.477027
0.186696
0.211102
0.172761
0.220803
0.293096
0.134017
0.179565
0.179746
0.272976
0.191313
0.141980
0.143619
0.130934
0.127182
0.273044
0.244457
0.135478
0.258188
0.181997
0.167160
0.156395
0.287366
0.247639
0.443689
0.508964
0.251085
0.181294
0.177852
0.244998
0.384801
0.253039
0.562494
1.039510
0.321528
0.203051
0.281320
0.257974
0.185544
0.238399
0.197016
0.238570
0.147522
0.225919
0.216680
0.196334
0.242152
0.193601
0.231348
0.220026
0.183286
0.399697
0.219826
0.445989
0.258838
0.220605
0.242390
0.206274
0.195076
0.171551
0.204075
0.125568
0.231822
0.151614
0.254677
0.347335
0.180716
0.171762
0.230332
0.232598
0.157242
0.160122
0.192006
0.154923
0.510263
0.251261
0.372899
0.190002
0.272930
0.212502
0.333259
0.275818
0.175604
0.182508
0.265810
0.212586
0.295809
0.194594
0.240618
0.201831
0.170368
0.219491
0.158983
0.159468
0.402958
0.858879
0.389052
0.171246
0.272159
0.165986
0.153189
0.188635
0.236057
0.454774
0.516376
0.206802
0.235862
0.257655
0.215477
0.247973
0.217377
0.215220
0.226280
0.147821
0.195430
0.196775
0.155820
0.160361
0.206286
0.168339
0.190296
0.291715
0.215086
0.163982
0.161719
0.214740
0.214521
0.165805
0.196452
0.221616
0.329010
0.595504
0.239992
0.146020
0.187345
0.177127
0.164926
0.256074
0.139884
0.245749
0.160941
0.135390
0.271551
0.144704
0.192656
0.215510
0.156473
0.139439
0.241123
0.226019
0.239324
0.141033
0.311139
0.617355
0.198290
0.414481
0.197006
0.184670
0.262296
0.205293
0.480937
0.215508
0.323242
0.116119
0.241967
0.188113
0.300138
0.299583
0.220564
0.200558
0.295995
0.211283
0.197858
0.253112
0.128725
0.329402
0.245866
0.233646
0.235308
0.173640
0.357130
0.148907
0.298270
0.608192
0.475537
0.179569
0.234194
0.213950
0.192015
0.170994
0.193993
0.219892
0.187700
0.213872
0.177968
0.165183
0.240055
0.197365
0.160463
0.136217
0.258113
0.171748
0.137401
0.133750
0.286878
0.167792
0.519719
0.475909
0.168646
0.180113
0.164869
0.159147
0.167040
0.119020
0.237921
0.217817
0.160473
0.154890
0.183511
0.165183
0.229285
0.154108
0.145663
0.135672
0.198341
0.224254
0.143299
0.330049
0.576054
0.445997
0.197529
0.155619
0.260093
0.155730
0.189500
0.145102
0.127381
0.203090
0.198428
0.191110
0.205159
0.200147
0.199711
0.214790
0.172648
0.185795
0.188601
0.167866
0.236578
0.286925
0.249429
0.227071
0.152997
0.181530
0.167004
0.467729
0.453940
0.178334
0.155290
0.155001
0.154196
0.175257
0.274026
0.227937
0.175202
0.213213
0.133277
0.164414
0.182990
0.161118
0.141318
0.187074
0.223873
0.167450
0.249751
0.219831
0.178525
0.138410
0.175546
0.258700
0.140808
0.477226
0.776655
0.349068
0.178506
0.235470
0.294814
0.165781
0.195993
0.157480
0.239313
0.214908
0.318221
0.196494
0.191265
0.326525
0.169308
0.332150
0.321693
0.206491
0.130773
0.266426
0.191472
0.175463
0.311059
0.323935
0.152476
0.312844
0.446633
0.218664
0.426632
0.242193
0.165042
0.199233
0.160849
0.285828
0.151842
0.164990
0.190086
0.322397
0.129689
0.177270
0.217858
0.204560
0.195085
0.296457
0.176702
0.255790
0.143756
0.182280
0.224057
0.150803
0.161871
0.246608
0.601215
0.437793
0.285391
0.373668
0.238828
0.260189
0.131726
0.198132
0.292628
0.153048
0.163238
0.171162
0.205480
0.173693
0.173622
0.230649
0.151630
0.177895
0.156037
0.183975
0.372212
0.181378
0.172187
0.184578
0.161794
0.390486
0.230160
0.325923
0.498194
0.668126
0.189145
0.197267
0.184050
0.144830
0.185104
0.174973
0.162083
0.156950
0.163689
0.184263
0.218094
0.201000
0.305961
0.266535
0.201233
0.199731
0.208190
0.178448
0.152003
0.182804
0.173354
0.197736
0.205646
0.173348
0.238006
0.148964
0.363273
0.227149
0.505577
0.511376
0.202664
0.267656
0.172390
0.271609
0.246365
0.131014
0.184127
0.168227
0.193151
0.144090
0.239979
0.170352
0.253409
0.164432
0.191865
0.189334
0.167956
0.160183
0.232432
0.148193
0.384823
0.359437
0.514126
0.232088
0.352730
0.216217
0.308195
0.160559
0.125377
0.255873
0.208727
0.255647
0.503915
0.331535
0.253913
0.206585
0.230070
0.207311
0.238593
0.185987
0.153297
0.231377
0.278120
0.161734
0.217436
0.251839
0.641221
0.191291
0.176318
0.336536
0.250972
0.184442
0.247805
0.204932
0.197368
0.152165
0.205249
0.189776
0.188813
0.282045
0.281536
0.175963
0.108635
0.222579
0.171132
0.178648
0.266711
0.309341
0.279467
0.154503
0.118320
0.544323
0.581997
0.144580
0.196456
0.187860
0.181866
0.251920
0.263524
0.197845
0.135702
0.312785
0.176237
0.315523
0.299124
0.268308
0.219782
0.193084
0.214648
0.371336
0.168179
0.202609
0.204210
0.189222
0.252169
0.278024
0.185798
0.313935
0.319018
0.492736
0.465646
0.162873
0.280217
0.223807
0.193714
0.187173
0.146976
0.179381
0.188957
0.285036
0.217918
0.145394
0.153432
0.200511
0.218218
0.127445
0.172670
0.195710
0.239419
0.263191
0.252933
0.264644
0.194444
0.207288
0.152679
0.680829
0.474355
0.162583
0.201662
0.178456
0.149782
0.163049
0.187223
0.208232
0.158276
0.155434
0.182795
0.126269
0.148904
0.135876
0.154538
0.293424
0.218098
0.196947
0.171649
0.231192
0.290625
0.211164
0.185811
0.169400
0.133897
0.223939
0.155155
0.156219
0.166060
0.185875
0.718987
0.270038
0.463145
0.173153
0.157572
0.177856
0.171205
0.230005
0.215123
0.198521
0.181076
0.369831
0.419371
0.159495
0.187976
0.155730
0.239784
0.192961
0.195770
0.157880
0.178075
0.136026
0.192734
0.240957
0.225190
0.257722
0.595735
0.544830
0.165165
0.254752
0.149062
0.145566
0.201097
0.150699
0.227418
0.176309
0.170893
0.167507
0.149317
0.175531
0.190878
0.357105
0.133764
0.303083
0.297214
0.274828
0.226402
0.215155
0.165497
0.178586
0.151242
0.323353
0.154312
0.164309
0.180258
0.219791
0.272464
0.296708
0.187984
0.465574
0.579642
0.194402
0.223193
0.197924
0.204480
0.135009
0.207202
0.253167
0.165275
0.333711
0.259651
0.131231
0.187492
0.262495
0.199550
0.428263
0.223917
0.468394
0.235891
0.170608
0.245861
0.199423
0.197145
0.182919
0.168313
0.159455
0.379744
0.423136
0.205373
0.186468
0.199521
0.188394
0.156297
0.166487
0.146427
0.174270
0.148762
0.148147
0.166961
0.260100
0.218477
0.226370
0.225063
0.217533
0.222222
0.166368
0.212922
0.216856
0.160068
0.155582
0.173977
0.196679
0.221020
0.122172
0.461317
0.228903
0.213345
0.221719
0.226778
0.171400
0.157952
0.155271
0.168700
0.191320
0.174423
0.152987
0.188175
0.213788
0.211722
0.284565
0.207860
0.159288
0.232801
0.243651
0.215847
0.272510
0.161460
0.135760
0.197760
0.137368
0.153488
0.509671
0.178175
0.377296
0.167269
0.176316
0.349074
0.565857
0.192927
0.165394
0.146061
0.178140
0.133867
0.154641
0.217369
0.143258
0.161559
0.241156
0.127107
0.149242
0.213453
0.247884
0.155651
0.143642
0.192445
0.187663
0.206008
0.203262
0.410636
0.496046
0.166603
0.194450
0.170174
0.175290
0.195714
0.153341
0.143025
0.143373
0.190547
0.162878
0.200108
0.196955
0.181952
0.202946
0.156596
0.184690
0.154144
0.192662
0.179834
0.142620
0.172008
0.154576
0.241875
0.211890
0.210581
0.159444
0.152624
0.172971
0.726114
0.235013
0.399948
0.217212
0.184091
0.163558
0.194514
0.170068
0.181310
0.159716
0.153298
0.163527
0.230075
0.156564
0.196057
0.209196
0.194124
0.443529
0.490906
0.207200
0.248598
0.151694
0.146818
0.141321
0.271440
0.136921
0.282824
0.455199
0.214127
0.284243
0.168900
0.206850
0.161590
0.231594
0.224539
0.149014
0.260908
0.241765
0.193335
0.133933
0.263090
0.262523
0.151001
0.191152
0.190459
0.230945
0.236052
0.274289
0.230170
0.125837
0.252783
0.171105
0.226648
0.153809
0.161644
0.239416
0.594855
0.553332
0.201579
0.146347
0.224240
0.142332
0.145506
0.145306
0.182581
0.164981
0.131949
0.139404
0.182772
0.180686
0.174411
0.195248
0.158015
0.138777
0.260725
0.165755
0.146918
0.145321
0.173880
0.123330
0.127521
0.137267
0.257239
0.830218
0.202409
0.395925
0.162866
0.172752
0.160070
0.265622
0.178936
0.150414
0.197202
0.242108
0.210356
0.256123
0.162383
0.140932
0.243364
0.202307
0.207760
0.249305
0.159645
0.153126
0.199010
0.168565
0.142724
0.141073
0.161667
0.224645
0.445520
0.504177
0.289631
0.218963
0.293276
0.201284
0.235065
0.172131
0.145904
0.178290
0.187231
0.216455
0.165160
0.164359
0.223019
0.154966
0.179108
0.169059
0.163268
0.208658
0.194059
0.176205
0.216172
0.183628
0.324327
0.189657
0.322205
0.205119
0.178509
0.198196
0.196394
0.198466
0.207500
0.211258
0.594280
0.265344
0.243691
0.180301
0.208342
0.250520
0.159510
0.197719
0.111208
0.149112
0.232437
0.569487
0.450205
0.222530
0.259544
0.219291
0.231465
0.219839
0.239235
0.338170
0.304512
0.175289
0.181037
0.255617
0.219475
0.243451
0.142731
0.231389
0.192804
0.172201
0.219211
0.122299
0.128081
0.165664
0.187917
0.199598
0.169584
0.254664
0.172380
0.206974
0.203996
0.958765
0.299939
0.293779
0.216518
0.181992
0.209738
0.290944
0.312332
0.174805
0.219182
0.265024
0.188674
0.138452
0.221272
0.203496
0.161671
0.279430
0.197334
0.220106
0.264417
0.342648
0.223215
0.481377
0.223651
0.625487
0.247844
0.307981
0.243436
0.195597
0.200481
0.145054
0.150876
0.138873
0.178177
0.169180
0.194483
0.183356
0.182504
0.180181
0.208178
0.188842
0.235656
0.161420
0.235786
0.185869
0.138570
0.187953
0.156948
0.196602
0.132402
0.110712
0.235534
0.306961
0.223257
0.162901
0.670258
0.466446
0.195688
0.207797
0.166013
0.198737
0.144113
0.222119
0.206915
0.183906
0.212463
0.244471
0.159498
0.224301
0.203131
0.314025
0.201152
0.216959
0.186601
0.218890
0.219772
0.185099
0.162951
0.184827
0.206133
0.159924
0.523774
0.628945
0.310508
0.232773
0.155003
0.199381
0.198092
0.379159
0.610149
0.246660
0.203711
0.133413
0.224756
0.158579
0.162958
0.186311
0.131626
0.132424
0.131147
0.197145
0.162920
0.174566
0.223508
0.147923
0.504553
0.276051
0.609446
0.157514
0.183495
0.369868
0.196595
0.214043
0.256122
0.171199
0.205332
0.157596
0.160636
0.158881
0.154088
0.200403
0.146573
0.145629
0.188230
0.154546
0.226308
0.255510
0.242723
0.146942
0.160189
0.197691
0.171219
0.634213
0.227796
0.526305
0.176064
0.211594
0.229568
0.178719
0.210084
0.172338
0.233685
0.200364
0.135999
0.227203
0.184629
0.131390
0.238474
0.229272
0.240855
0.163439
0.242109
0.195693
0.334328
0.256501
0.462933
0.209661
0.248232
0.172875
0.143963
0.156918
0.189204
0.232079
0.203070
0.254069
0.492981
0.193988
0.176737
0.260801
0.168790
0.236112
0.188159
0.294307
0.230786
0.200319
0.200068
0.179922
0.111510
0.200985
0.276313
0.207382
0.296312
0.155900
0.191315
0.257152
0.242985
0.211782
0.203032
0.221059
0.177760
0.439927
0.600891
0.167134
0.220640
0.173994
0.232784
0.186935
0.200511
0.217442
0.216740
0.200953
0.175312
0.185596
0.214326
0.177860
0.163837
0.177499
0.150204
0.170610
0.146773
0.192822
0.222989
0.202684
0.179196
0.262580
0.218602
0.227399
1.003074
0.734321
0.315589
0.185559
0.246734
0.644233
0.244470
0.140715
0.208643
0.244675
0.154444
0.151776
0.192620
0.216650
0.206575
0.213183
0.166739
0.190062
0.195680
0.200592
0.262885
0.248924
0.587172
0.470622
0.175089
0.246658
0.204363
0.295172
0.161232
0.250509
0.186549
0.202430
0.177700
0.146843
0.190091
0.306193
0.212855
0.202899
0.169597
0.184234
0.160440
0.208255
0.197022
0.189004
0.180679
0.155445
0.203909
0.282002
0.349963
0.534792
0.193594
0.222510
0.190410
0.285097
0.224201
0.189599
0.229411
0.334517
0.197827
0.223580
0.212823
0.258869
0.275389
0.204825
0.241866
0.154083
0.187422
0.223874
0.313904
0.175589
0.400553
0.497023
0.174591
0.176211
0.276549
0.157790
0.214926
0.409236
0.457876
0.307512
0.279496
0.204931
0.211737
0.169645
0.208000
0.252760
0.167603
0.165542
0.238695
0.171496
0.215230
0.234821
0.273906
0.212235
0.237955
0.196272
0.198487
0.233194
0.216112
0.236909
0.251449
0.212174
0.197243
0.184126
0.236313
0.235423
0.261437
0.204647
0.164908
0.220456
0.221915
0.227781
0.224012
0.168806
0.190298
0.214362
0.172212
0.184916
0.174420
0.138127
0.232839
0.213887
0.196735
0.195059
0.179264
0.162441
0.335443
0.638892
0.238247
0.159117
0.179733
0.171150
0.138246
0.177185
0.245597
0.336000
0.297296
0.295461
0.171097
0.190121
0.209358
0.193174
0.203746
0.179084
0.135011
0.162582
0.156646
0.350250
0.394265
0.337290
0.169882
0.222504
0.186716
0.216198
0.180332
0.175348
0.201576
0.182018
0.160944
0.151517
0.174280
0.164639
0.222712
0.175802
0.244976
0.328684
0.320269
0.240638
0.216673
0.177498
0.153947
0.236755
0.194449
0.195164
0.188748
0.318859
0.435311
0.261797
0.168085
0.230743
0.265921
0.229695
0.145357
0.286710
0.312218
0.171765
0.171580
0.171382
0.204663
0.296295
0.209465
0.188471
0.158655
0.176750
0.199531
0.144531
0.170043
0.168791
0.302968
0.369261
0.406431
0.221071
0.236685
0.204809
0.269826
0.192504
0.303317
0.246296
0.212038
0.249923
0.253698
0.143620
0.115606
0.238916
0.182627
0.163920
0.133320
0.183154
0.185753
0.212136
0.189287
0.203886
0.233653
0.160898
0.192740
0.244121
0.271590
0.269131
0.387864
0.296150
0.230732
0.193354
0.226949
0.185145
0.202638
0.140599
0.179342
0.180687
0.199364
0.166477
0.134562
0.163048
0.240846
0.147153
0.192072
0.235873
0.238822
0.260358
0.193019
0.255961
0.292310
0.280469
0.238039
0.306271
0.270639
0.372360
0.171571
0.218986
0.167468
0.198161
0.213914
0.236938
0.228175
0.249887
0.180788
0.225672
0.183379
0.252814
0.208838
0.462576
0.132090
0.218775
0.205887
0.202108
0.190676
0.180059
0.152365
0.192362
0.463089
0.256400
0.391108
0.192582
0.195297
0.162272
0.255326
0.195860
0.184703
0.198204
0.196995
0.255881
0.184823
0.139662
0.172440
0.160152
0.214095
0.170111
0.172383
0.242324
0.155183
0.187683
0.208441
0.234149
0.194191
0.187514
0.265951
0.490053
0.281897
0.241425
0.215699
0.141952
0.189680
0.180675
0.148875
0.259913
0.205368
0.168337
0.155116
0.155764
0.177455
0.251134
0.134201
0.149415
0.222432
0.141562
0.217067
0.145115
0.190730
0.201751
0.161749
0.143904
0.675374
0.562666
0.315463
0.264321
0.200850
0.139157
0.230051
0.167897
0.221177
0.229771
0.170811
0.248052
0.142071
0.205572
0.153081
0.206053
0.179835
0.192425
0.200011
0.228656
0.278816
0.222724
0.189770
0.369774
0.549980
0.188130
0.298103
0.244907
0.265320
0.231080
0.257552
0.224754
0.243027
0.204241
0.224590
0.164243
0.279412
0.203422
0.294722
0.196387
0.268533
0.189500
0.314257
0.220718
0.219252
0.236793
0.258207
0.224271
0.276282
0.099225
0.173823
0.155939
0.148704
0.091910
0.135782
0.172447
0.480313
0.496071
0.188015
0.133373
0.204868
0.162791
0.152697
0.179078
0.171942
0.266056
0.159983
0.273798
0.364405
0.581321
0.227985
0.174345
0.171581
0.259217
0.154876
0.180919
0.220503
0.209900
0.202482
0.247644
0.197786
0.168229
0.138188
0.205827
0.217399
0.212811
0.384822
0.548301
0.233212
0.251143
0.171160
0.141698
0.140986
0.171201
0.243225
0.153997
0.217406
0.245890
0.194259
0.182058
0.195769
0.216938
0.164439
0.251608
0.265870
0.212246
0.210072
0.176861
0.180149
0.170177
0.220668
0.155290
0.144325
0.217342
0.297122
0.151686
0.134638
0.181206
0.451054
0.429710
0.279411
0.262266
0.185635
0.132405
0.207107
0.207544
0.146319
0.187067
0.196914
0.192818
0.169321
0.355859
0.402302
0.145907
0.205980
0.208678
0.224242
0.168335
0.158230
0.233407
0.154631
0.150156
0.165699
0.130159
0.175078
0.188630
0.283747
0.157632
0.440209
0.225941
0.509008
0.193659
0.140969
0.188317
0.153150
0.167609
0.145566
0.161603
0.278659
0.194050
0.222631
0.201851
0.151531
0.186982
0.166305
0.148488
0.163030
0.191092
0.155935
0.182921
0.160598
0.224439
0.180850
0.183385
0.156232
0.165781
0.192094
0.378311
0.477844
0.156830
0.234515
0.227881
0.214216
0.200016
0.319627
0.168241
0.219571
0.147095
0.299580
0.137894
0.170317
0.159464
0.169714
0.328751
0.151705
0.171829
0.318848
0.146249
0.172741
0.172514
0.376594
0.547260
0.495246
0.421655
0.282646
0.143337
0.279687
0.283235
0.155741
0.128162
0.218477
0.194292
0.263632
0.276825
0.248053
0.157954
0.171626
0.144520
0.193537
0.274980
0.137303
0.170303
0.527733
0.280196
0.456191
0.166666
0.207993
0.248792
0.221116
0.165530
0.210285
0.173535
0.238414
0.166970
0.147475
0.227343
0.173826
0.171092
0.176860
0.159269
0.194758
0.194592
0.229208
0.193873
0.191962
0.185201
0.170940
0.146086
0.200439
0.235069
0.133634
0.133517
0.322763
0.239468
0.640947
0.178267
0.109223
0.204717
0.168072
0.216948
0.154803
0.233039
0.130661
0.176871
0.129420
0.231805
0.166379
0.437071
0.452526
0.151894
0.224673
0.240952
0.149445
0.164570
0.161755
0.113415
0.398262
0.581487
0.197341
0.193794
0.178192
0.203832
0.155944
0.130973
0.220303
0.264324
0.124746
0.212709
0.245456
0.136181
0.213954
0.145043
0.188630
0.242130
0.193737
0.188392
0.188191
0.223423
0.222519
0.159316
0.221024
0.218174
0.476739
0.685727
0.163445
0.155258
0.242796
0.148951
0.239678
0.172949
0.187944
0.202993
0.146588
0.239244
0.198734
0.276001
0.207993
0.259435
0.159508
0.235263
0.166391
0.180745
0.158114
0.154187
0.160504
0.216380
0.249329
0.250617
0.246291
0.237965
0.396859
0.435050
0.550712
0.153328
0.192231
0.190766
0.276923
0.197938
0.177974
0.210027
0.242122
0.203106
0.230421
0.172424
0.218154
0.148080
0.163898
0.211353
0.218491
0.344976
0.164101
0.620737
0.349784
0.277141
0.132467
0.230100
0.165515
0.307474
0.149731
0.192157
0.196871
0.134047
0.167566
0.153847
0.198888
0.229162
0.199630
0.181614
0.324788
0.227004
0.257669
0.585827
0.441227
0.223586
0.167606
0.196498
0.160778
0.289738
0.163310
0.163033
0.231288
0.200653
0.168156
0.239974
0.165136
0.169893
0.202251
0.130412
0.264487
0.211372
0.230026
0.124885
0.198975
0.276362
0.185669
0.216322
0.130062
0.314012
0.375480
0.127412
0.217873
0.163791
0.437545
0.539903
0.177237
0.213349
0.218292
0.164411
0.236241
0.152711
0.169761
0.155553
0.271478
0.229172
0.129897
0.205467
0.192252
0.176079
0.180048
0.151241
0.167490
0.164028
0.117731
0.240080
0.156023
0.153876
0.204250
0.178841
0.182379
0.297651
0.257546
0.267337
0.166588
0.206134
0.199169
0.249239
0.281276
0.151106
0.208844
0.148211
0.178484
0.160462
0.225768
0.161401
0.195706
0.208348
0.164194
0.228521
0.250319
0.168592
0.168093
0.206447
0.161207
0.155530
0.208006
0.153521
0.555035
0.410268
0.178249
0.154443
0.220452
0.173616
0.172519
0.203615
0.751590
0.177788
0.187050
0.205849
0.195145
0.161356
0.164835
0.228217
0.166025
0.317724
0.168128
0.252636
0.169310
0.171530
0.173386
0.201680
0.180210
0.221251
0.481247
0.462520
0.194108
0.156594
0.166466
0.147848
0.195802
0.188720
0.159905
0.163347
0.286011
0.234575
0.167669
0.257104
0.289807
0.203854
0.170621
0.267134
0.152467
0.204736
0.226631
0.241135
0.158454
0.198679
0.164549
0.182977
0.128417
0.212806
0.237670
0.199949
0.137090
0.176119
0.548645
0.304628
0.466959
0.206542
0.156757
0.227010
0.210433
0.194390
0.142339
0.250833
0.315761
0.154268
0.234821
0.471886
0.404121
0.195384
0.194158
0.162348
0.206677
0.208264
0.168180
0.197681
0.223091
0.289710
0.245698
0.187030
0.410958
0.193169
0.424467
0.129177
0.159105
0.236806
0.244200
0.200178
0.149439
0.126116
0.227823
0.229164
0.178829
0.198889
0.181093
0.142346
0.178501
0.229186
0.182974
0.175676
0.186094
0.149433
0.177598
0.146637
0.177368
0.243412
0.188940
0.172645
0.218415
0.372466
0.311928
0.234184
0.239069
0.185257
0.169114
0.234431
0.239420
0.277764
0.260878
0.244444
0.159605
0.140358
0.178981
0.263505
0.286665
0.212268
0.255179
0.183966
0.323678
0.142187
0.170013
0.173254
0.161554
0.206468
0.214939
0.382216
0.189996
0.432750
0.187541
0.209061
0.199023
0.533751
0.439715
0.253569
0.151441
0.165913
0.209267
0.171108
0.201891
0.190056
0.197142
0.147102
0.181903
0.219620
0.160511
0.185446
0.200339
0.179318
0.195875
0.220798
0.128996
0.207936
0.147581
0.204749
0.163177
0.185003
0.165747
0.161687
0.155661
0.150921
0.135362
0.288555
0.225390
0.182707
0.355648
0.436322
0.197513
0.166471
0.188582
0.173902
0.197077
0.152375
0.157012
0.214972
0.180461
0.173268
0.209105
0.144648
0.232027
0.177377
0.182487
0.230646
0.208823
0.163058
0.148872
0.222190
0.168562
0.146033
0.220907
0.439299
0.218051
0.155478
0.436875
0.624296
0.141012
0.181629
0.220093
0.231841
0.221435
0.202909
0.159129
0.167780
0.140864
0.209048
0.223695
0.184002
0.248384
0.178656
0.200363
0.309270
0.170684
0.283583
0.150395
0.150480
0.290143
0.327302
0.456996
0.212842
0.196098
0.210044
0.294382
0.189372
0.180474
0.169585
0.223768
0.205638
0.245281
0.197925
0.188900
0.244430
0.257800
0.226477
0.313885
0.217541
0.144206
0.181190
0.199806
0.277706
0.186650
0.168657
0.193841
0.238370
0.229489
0.216830
0.205406
0.180474
0.382846
0.529585
0.168427
0.165798
0.257129
0.191509
0.311721
0.289406
0.362147
0.497278
0.166178
0.193744
0.151310
0.173252
0.224697
0.231956
0.195750
0.173333
0.212003
0.137270
0.163706
0.247849
0.123595
0.198063
0.156474
0.135852
0.522217
0.261677
0.256319
0.254450
0.143021
0.145466
0.134871
0.151292
0.265337
0.156054
0.232344
0.147326
0.178737
0.171033
0.283876
0.170259
0.186124
0.273980
0.140546
0.191346
0.532767
0.523514
0.137703
0.156375
0.246566
0.193226
0.156692
0.152566
0.160747
0.165329
0.194396
0.214204
0.248255
0.138305
0.222172
0.144583
0.236772
0.203382
0.175753
0.159535
0.192240
0.173566
0.239323
0.134237
0.172987
0.160125
0.472927
0.341883
0.219445
0.186283
0.203045
0.182255
0.158331
0.220875
0.121453
0.205034
0.244975
0.159918
0.230927
0.155048
0.312096
0.178851
0.228954
0.176961
0.179467
0.162265
0.183033
0.124873
0.181748
0.180914
0.181294
0.254531
0.181154
0.233177
0.422077
0.548816
0.162653
0.228109
0.276488
0.140704
0.158253
0.181900
0.186473
0.254298
0.172297
0.152757
0.239991
0.218159
0.188243
0.215477
0.198640
0.199351
0.220280
0.286316
0.291815
0.199251
0.199389
0.196454
0.291689
0.147746
0.221351
0.176166
0.503407
0.319195
0.143032
0.213846
0.263111
0.147004
0.229483
0.169564
0.220464
0.225552
0.162537
0.252674
0.181166
0.176700
0.175298
0.201986
0.167255
0.167754
0.153685
0.231616
0.168948
0.414358
0.629514
0.196834
0.179530
0.152085
0.207040
0.133273
0.194497
0.116408
0.163413
0.184613
0.164677
0.145765
0.224793
0.207966
0.207790
0.196724
0.177170
0.150647
0.239274
0.157327
0.173189
0.208303
0.562174
0.472570
0.182874
0.181374
0.314330
0.172819
0.180749
0.170547
0.223530
0.235599
0.174251
0.192186
0.169056
0.200546
0.158623
0.198704
0.177868
0.140690
0.138220
0.157528
0.203244
0.162108
0.307689
0.313464
0.241081
0.186352
0.256113
0.223791
0.118388
0.197692
0.209802
0.171147
0.144411
0.489024
0.559281
0.196876
0.239658
0.195804
0.125638
0.144501
0.158870
0.312218
0.219079
0.178869
0.272715
0.176917
0.240543
0.204410
0.147516
0.297715
0.216087
0.210778
0.162179
0.204608
0.196529
0.353961
0.230766
0.350318
0.123542
0.549907
0.335879
0.242609
0.210857
0.177315
0.273362
0.152470
0.239378
0.199845
0.206595
0.194682
0.186659
0.256531
0.140831
0.217398
0.170239
0.176702
0.220962
0.195803
0.230632
0.230658
0.252055
0.148042
0.521365
0.634137
0.175680
0.249757
0.174207
0.180734
0.154878
0.188152
0.227496
0.461961
0.404347
0.196293
0.261836
0.216523
0.164773
0.168222
0.207665
0.205879
0.190341
0.258621
0.144207
0.265252
0.176819
0.144738
0.221759
0.197067
0.227265
0.127692
0.262280
0.339685
0.264975
0.454854
0.564423
0.186615
0.184948
0.225850
0.186890
0.313082
0.165778
0.261347
0.137213
0.227070
0.131658
0.284086
0.192825
0.187969
0.184255
0.182654
0.149660
0.169945
0.233145
0.172333
0.193516
0.319146
0.202880
0.251454
0.157505
0.151719
0.567405
0.472528
0.173161
0.212527
0.208492
0.138393
0.171899
0.314320
0.199758
0.166215
0.309776
0.266722
0.215619
0.237927
0.173795
0.210568
0.198019
0.175927
0.272092
0.440788
0.175176
0.161664
0.223813
0.208040
0.155867
0.142226
0.439609
0.204074
0.465823
0.216634
0.173030
0.191361
0.147369
0.240326
0.193159
0.189057
0.185135
0.258798
0.239030
0.222818
0.169906
0.198332
0.147737
0.132692
0.230003
0.167232
0.261117
0.214241
0.218041
0.180552
0.281333
0.219852
0.521557
0.203314
0.141576
0.235080
0.194932
0.161567
0.163928
0.170830
0.218196
0.170306
0.185821
0.142467
0.165870
0.221983
0.137043
0.176574
0.198873
0.143536
0.183800
0.180485
0.153704
0.219640
0.218171
0.204093
0.210867
0.437030
0.441702
0.194338
0.238319
0.193770
0.145342
0.197057
0.196320
0.180032
0.413229
0.165216
0.179383
0.193194
0.235063
0.147068
0.174575
0.193391
0.227479
0.216350
0.207293
0.354389
0.274039
0.419301
0.197383
0.175380
0.178966
0.202853
0.223702
0.158552
0.159722
0.130918
0.247566
0.263663
0.175531
0.217647
0.308752
0.150385
0.243923
0.137860
0.207099
0.180836
0.202881
0.194449
0.158092
0.178385
0.293715
0.183378
0.456008
0.618786
0.163657
0.167543
0.188805
0.169688
0.283649
0.210366
0.180565
0.150906
0.193675
0.217713
0.170699
0.228142
0.141757
0.190403
0.170983
0.202537
0.142163
0.178485
0.178610
0.183575
0.192969
0.208587
0.183142
0.183511
0.356148
0.409785
0.168489
0.515333
0.185925
0.220662
0.181835
0.164332
0.178420
0.168247
0.152819
0.233322
0.161730
0.169347
0.169815
0.169427
0.175959
0.198715
0.178579
0.233017
0.239822
0.158337
0.164858
0.195430
0.167827
0.168095
0.207542
0.257299
0.176143
0.173375
0.144533
0.199153
0.165175
0.340607
0.404571
0.141720
0.206178
0.204346
0.149730
0.166189
0.142609
0.116393
0.159601
0.158931
0.175423
0.184651
0.181958
0.162256
0.174379
0.163410
0.160616
0.127370
0.170707
0.212867
0.209378
0.198188
0.171784
0.645724
0.322181
0.149049
0.185734
0.144382
0.183512
0.111391
0.203019
0.167044
0.216042
0.208552
0.252154
0.537795
0.163826
0.220690
0.149877
0.155289
0.124858
0.173984
0.148926
0.177233
0.225613
0.133819
0.143249
0.166246
0.138958
0.190435
0.202524
0.224844
0.211466
0.208565
0.238249
0.442321
0.612568
0.193385
0.172033
0.207785
0.122353
0.141543
0.177772
0.156322
0.224431
0.182659
0.211945
0.180493
0.183879
0.196178
0.267775
0.166942
0.221280
0.119087
0.238820
0.164170
0.112606
0.217991
0.145955
0.682104
0.535730
0.211292
0.248798
0.165634
0.204166
0.258437
0.116965
0.172461
0.170106
0.137387
0.156415
0.155417
0.226022
0.152433
0.180061
0.158188
0.219987
0.124571
0.308921
0.143751
0.184872
0.131553
0.199556
0.215701
0.286816
0.241161
0.174780
0.394676
0.431367
0.168318
0.177821
0.173839
0.146536
0.191959
0.164814
0.247761
0.209897
0.159807
0.180202
0.208189
0.185701
0.137664
0.175093
0.272219
0.134961
0.145147
0.191117
0.144590
0.164591
0.491866
0.411513
0.157945
0.187144
0.122023
0.149094
0.136867
0.198597
0.182307
0.232340
0.196462
0.097597
0.255294
0.224104
0.191647
0.234815
0.173769
0.143204
0.162578
0.227179
0.178042
0.151032
0.546733
0.414679
0.240072
0.329510
0.238112
0.280601
0.180101
0.193624
0.190654
0.153350
0.315162
0.260056
0.235763
0.209536
0.212169
0.200866
0.241439
0.184616
0.382786
0.317258
0.205203
0.266482
0.237983
0.163383
0.225234
0.234749
0.193043
0.169556
0.320410
0.475445
0.194800
0.184632
0.217827
0.135530
0.226620
0.176211
0.459171
0.192625
0.171700
0.193648
0.190312
0.211759
0.245740
0.177975
0.237203
0.211381
0.258924
0.166181
0.191260
0.283316
0.190092
0.207528
0.275799
0.352925
0.292131
0.322116
0.146281
0.187322
0.217420
0.184177
0.195902
0.232473
0.284340
0.246432
0.249574
0.217951
0.160918
0.160422
0.220496
0.157599
0.123762
0.193057
0.129982
0.153932
0.198386
0.182623
0.178332
0.164791
0.469418
0.440554
0.236765
0.171941
0.169418
0.356263
0.263991
0.184865
0.272124
0.164828
0.211471
0.126943
0.176943
0.172249
0.178326
0.170993
0.132687
0.179526
0.140226
0.211648
0.160888
0.217547
0.187374
0.129145
0.182855
0.278504
0.234906
0.249005
0.237866
0.564257
0.288167
0.196380
0.136429
0.203463
0.122769
0.265686
0.190405
0.153024
0.171326
0.162164
0.197922
0.159827
0.134458
0.180969
0.145497
0.152602
0.180415
0.190689
0.216749
0.145526
0.179408
0.196748
0.152228
0.408257
0.445527
0.194862
0.228474
0.137086
0.161617
0.231455
0.186324
0.254171
0.204561
0.129893
0.192369
0.205600
0.185223
0.261377
0.443208
0.403789
0.161658
0.158386
0.191234
0.162929
0.204299
0.321795
0.254948
0.130529
0.184123
0.139818
0.159191
0.371365
0.328305
0.440953
0.177615
0.183107
0.186438
0.182665
0.239854
0.143098
0.182134
0.208442
0.175272
0.171868
0.206539
0.271774
0.169763
0.170176
0.197367
0.255189
0.129336
0.221432
0.164723
0.215886
0.142810
0.272901
0.155837
0.174748
0.197901
0.201371
0.312878
0.341811
0.381095
0.150930
0.229411
0.159140
0.145047
0.171568
0.156133
0.147180
0.196868
0.219961
0.202273
0.184088
0.184567
0.182444
0.185682
0.217570
0.183291
0.164389
0.124847
0.154680
0.193943
0.398184
0.472443
0.283567
0.151235
0.147942
0.138734
0.143237
0.160507
0.191248
0.181424
0.132350
0.158078
0.239650
0.184655
0.234102
0.269394
0.240353
0.147708
0.236776
0.276870
0.170794
0.166535
0.238405
0.138663
0.187145
0.161173
0.179430
0.260981
0.217380
0.185041
0.488108
0.271478
0.316132
0.251678
0.213428
0.165019
0.155714
0.231695
0.239077
0.160328
0.231298
0.242098
0.193334
0.243119
0.244144
0.248160
0.308329
0.178374
0.156333
0.144948
0.177679
0.179252
0.146763
0.210240
0.150862
0.269582
0.209009
0.208526
0.170571
0.427420
0.222772
0.291800
0.216464
0.184763
0.165114
0.352187
0.531331
0.182580
0.143394
0.149181
0.178269
0.193459
0.205085
0.161478
0.139131
0.122380
0.165645
0.161037
0.131715
0.168533
0.234607
0.212041
0.127626
0.201762
0.120626
0.238913
0.180527
0.412971
0.474539
0.190950
0.124185
0.134217
0.163437
0.180899
0.153255
0.199419
0.166765
0.215429
0.168441
0.136136
0.214903
0.243587
0.148442
0.166290
0.170220
0.168741
0.120951
0.161342
0.175369
0.194450
0.180747
0.258002
0.241042
0.185609
0.200693
0.146603
0.229667
0.191231
0.326656
0.243941
0.242313
0.175516
0.134045
0.101613
0.098139
0.131025
0.111338
0.106375
0.129013
0.111884
0.109781
0.117309
0.123800
0.123308
0.113511
0.110394
0.122861
0.117588
0.124507
0.163724
0.175813
0.245642
0.117983
0.133281
0.131677
0.109583
0.126176
0.111619
0.101430
0.109235
0.120083
0.108133
0.104511
0.098556
0.112019
0.097568
0.139826
0.117577
0.112208
0.120346
0.108900
0.113073
0.099950
0.129029
0.112340
0.101712
0.110729
0.108906
0.105931
0.142961
0.209614
0.154570
0.136163
0.120714
0.120951
0.132827
0.113479
0.110664
0.113270
0.115517
0.108008
0.112420
0.121282
0.108398
0.105256
0.108485
0.109666
0.105676
0.113103
0.101155
0.118134
0.104690
0.105329
0.131717
0.109852
0.151060
0.164736
0.158122
0.121964
0.122540
0.331916
0.228819
0.183822
0.108185
0.120176
0.115553
0.101131
0.115364
0.109124
0.124945
0.125395
0.120087
0.100650
0.126447
0.105720
0.121430
0.107636
0.127691
0.120648
0.114072
0.116992
0.107738
0.112622
0.144371
0.114943
0.116730
0.145386
0.122614
0.102945
0.107593
0.108422
0.115720
0.104770
0.118169
0.104377
0.101288
0.120749
0.114709
0.118709
0.109292
0.114513
0.109163
0.114557
0.124312
0.112085
0.107965
0.129085
0.108183
0.110743
0.104283
0.110506
0.109249
0.107950
0.105882
0.109737
0.130061
0.108552
0.118240
0.314403
0.150030
0.121840
0.133005
0.113713
0.125595
0.117224
0.112328
0.109868
0.109762
0.119863
0.105976
0.114765
0.134384
0.110334
0.099848
0.114439
0.129221
0.096372
0.113828
0.139062
0.133135
0.124537
0.110401
0.112126
0.107181
0.132138
0.115861
0.115365
0.110342
0.105128
0.103016
0.106678
0.102616
0.103514
0.127890
0.107412
0.106844
0.103187
0.109005
0.108870
0.100640
0.101202
0.112973
0.108424
0.103384
0.105090
0.103250
0.106134
0.115298
0.101675
0.118473
0.106805
0.114997
0.111819
0.104395
0.103472
0.102613
0.105376
0.103763
0.114577
0.119244
0.108268
0.110905
0.119739
0.108985
0.143355
0.116019
0.125093
0.127306
0.117345
0.100566
0.111235
0.108169
0.132033
0.113321
0.109881
0.118616
0.116031
0.110921
0.126807
0.108016
0.108888
0.124916
0.122249
0.117766
0.105551
0.114046
0.200416
0.177419
0.231274
0.175986
0.134965
0.118100
0.114652
0.107439
0.114940
0.137214
0.118223
0.111776
0.113408
0.119957
0.120237
0.112535
0.109639
0.108122
0.110084
0.123699
0.107099
0.113970
0.118863
0.107375
0.133102
0.110444
0.108761
0.115478
0.113846
0.132472
0.112399
0.115421
0.116104
0.129519
0.119919
0.115276
0.127947
0.107601
0.132429
0.108514
0.108330
0.114363
0.116629
0.114374
0.105230
0.108640
0.206601
0.162386
0.107290
0.112404
0.114157
0.130299
0.111165
0.112161
0.117574
0.115830
0.112408
0.129905
0.114343
0.116013
0.103179
0.100684
0.129076
0.120403
0.130758
0.107321
0.114152
0.131660
0.110674
0.126722
0.136070
0.118995
0.114187
0.118597
0.118720
0.111263
0.129022
0.107932
0.119355
0.126239
0.133222
0.112686
0.105913
0.107634
0.110295
0.108962
0.112156
0.112872
0.126798
0.120495
0.112201
0.113302
0.109096
0.120219
0.115034
0.128185
0.114782
0.105883
0.126445
0.109425
0.116567
0.116083
0.109031
0.122373
0.116639
0.111774
0.110438
0.124729
0.119356
0.128306
0.117073
0.115303
0.114016
0.121476
0.112362
0.106646
0.120378
0.114965
0.116657
0.140143
0.134874
0.134035
0.119176
0.115467
0.114134
0.107302
0.116654
0.118364
0.130251
0.121935
0.115218
0.105758
0.106605
0.112627
0.114393
0.109257
0.120415
0.114153
0.125235
0.107705
0.118641
0.122753
0.128005
0.108838
0.109254
0.108562
0.106372
0.112384
0.122402
0.123122
0.112670
0.138104
0.108091
0.110704
0.107412
0.110171
0.105162
0.118852
0.112912
0.114996
0.107458
0.117111
0.113116
0.110070
0.129025
0.115269
0.118864
0.125753
0.116400
0.100672
0.109401
0.120884
0.111128
0.111822
0.114318
0.113421
0.120309
0.107661
0.114132
0.118351
0.102351
0.109683
0.112711
0.113006
0.120393
0.131511
0.114161
0.127188
0.114693
0.105189
0.132837
0.105050
0.109880
0.114681
0.116306
0.123066
0.119167
0.119963
0.131552
0.127796
0.105786
0.100916
0.106766
0.101034
0.103687
0.103844
0.125738
0.112947
0.115770
0.452486
0.254406
0.142233
0.134054
0.144071
0.123457
0.121236
0.112534
0.107513
0.109660
0.112207
0.115965
0.112597
0.133566
0.128843
0.110322
0.108239
0.115243
0.111952
0.127034
0.108082
0.115475
0.109077
0.132212
0.137098
0.124969
0.136472
0.097575
0.122695
0.106759
0.105689
0.118418
0.116461
0.117036
0.114422
0.111535
0.113770
0.109848
0.100184
0.120070
0.129926
0.121704
0.117954
0.120975
0.113572
0.128095
0.117822
0.106760
0.118561
0.111512
0.116898
0.142152
0.124826
0.118541
0.161028
0.132942
0.112112
0.113262
0.108157
0.118500
0.126823
0.112451
0.119874
0.107091
0.115138
0.132250
0.114327
0.157842
0.172767
0.171322
0.144878
0.183009
0.159752
0.157282
0.176788
0.112900
0.118323
0.114385
0.115685
0.127328
0.110048
0.112658
0.135809
0.119158
0.116980
0.105726
0.111332
0.110694
0.111741
0.104525
0.110532
0.123566
0.131721
0.113054
0.114399
0.148963
0.115561
0.124402
0.117126
0.113340
0.126863
0.108556
0.121578
0.112113
0.110289
0.117792
0.118309
0.113871
0.133551
0.123529
0.120040
0.118687
0.129041
0.115813
0.127369
0.128160
0.111696
0.108866
0.150909
0.119087
0.134109
0.119641
0.139559
0.136000
0.112215
0.131416
0.131711
0.102664
0.109030
0.109250
0.112815
0.114725
0.113005
0.112377
0.114172
0.110791
0.120751
0.134179
0.117000
0.129591
0.120748
0.113029
0.108967
0.110607
0.107375
0.115658
0.129247
0.115118
0.113675
0.115783
0.117538
0.109459
0.096673
0.095966
0.111449
0.111220
0.141431
0.118446
0.118241
0.114989
0.116999
0.110378
0.112326
0.133915
0.115193
0.116723
0.104443
0.127068
0.123555
0.118742
0.120621
0.116050
0.119290
0.114725
0.109252
0.111850
0.115603
0.109682
0.108999
0.108027
0.111934
0.107753
0.111504
0.134776
0.108662
0.112407
0.127684
0.126937
0.114706
0.113961
0.107889
0.130206
0.113622
0.108093
0.127238
0.121489
0.098518
0.114339
0.100611
0.128267
0.105567
0.110078
0.131583
0.111267
0.126672
0.121320
0.134169
0.160038
0.112463
0.118689
0.126584
0.115029
0.129084
0.113422
0.109202
0.107805
0.133315
0.117428
0.111681
0.170461
0.110732
0.119057
0.119001
0.117695
0.107190
0.109280
0.111283
0.112389
0.107716
0.104248
0.110513
0.114419
0.098510
0.118170
0.111897
0.110427
0.110184
0.117371
0.105609
0.121279
0.104029
0.125999
0.109263
0.108263
0.111072
0.101068
0.116577
0.112984
0.113731
0.105775
0.109439
0.110656
0.112917
0.124636
0.100495
0.107303
0.112197
0.109197
0.131498
0.109884
0.109493
0.109444
0.108341
0.106771
0.107279
0.108212
0.106892
0.108515
0.105700
0.106902
0.104163
0.107613
0.109348
0.121318
0.106806
0.105139
0.114000
0.109426
0.100597
0.158873
0.114396
0.116772
0.111328
0.111887
0.107645
0.111026
0.109934
0.125875
0.110579
0.133015
0.101961
0.101241
0.111990
0.113664
0.125324
0.106039
0.105861
0.120451
0.105627
0.106447
0.117679
0.126933
0.118658
0.103245
0.107747
0.121920
0.123697
0.123136
0.126422
0.121338
0.108346
0.115314
0.112579
0.116085
0.117431
0.174337
0.189029
0.137446
0.121926
0.116504
0.119035
0.124408
0.125298
0.109704
0.129881
0.411523
0.231898
0.123640
0.115570
0.136977
0.120194
0.122825
0.112242
0.148565
0.121277
0.117177
0.110873
0.133271
0.116668
0.121888
0.117814
0.109046
0.114527
0.139794
0.116906
0.117967
0.110703
0.110955
0.115207
0.114659
0.116439
0.124982
0.113594
0.102945
0.113219
0.108173
0.117148
0.119433
0.118805
0.111658
0.112746
0.111558
0.106289
0.401756
0.218949
0.182379
0.433837
0.167507
0.188068
0.130272
0.130931
0.134982
0.114195
0.109884
0.107172
0.120169
0.114789
0.108312
0.119911
0.112819
0.108285
0.144567
0.114968
0.102658
0.096353
0.106207
0.155657
0.197369
0.133267
0.123113
0.131877
0.133030
0.111985
0.121504
0.120181
0.115870
0.149698
0.127099
0.116217
0.123677
0.130657
0.124413
0.133036
0.138960
0.114928
0.126395
0.120760
0.120057
0.107092
0.116178
0.104502
0.111445
0.105286
0.107984
0.117262
0.113318
0.113736
0.127191
0.139059
0.122016
0.136459
0.132593
0.133741
0.107006
0.123123
0.110710
0.124467
0.117005
0.115689
0.113917
0.126018
0.115177
0.113909
0.113385
0.129439
0.121535
0.125772
0.120946
0.119078
0.114159
0.112381
0.118838
0.119548
0.119117
0.109680
0.133521
0.109466
0.113021
0.116337
0.120242
0.111804
0.127779
0.111732
0.118449
0.112129
0.117367
0.117399
0.115273
0.122737
0.112588
0.111597
0.115232
0.110706
0.114440
0.120235
0.118355
0.110598
0.115285
0.113416
0.122194
0.108052
0.122445
0.110160
0.108531
0.127427
0.102205
0.122042
0.104704
0.148426
0.118506
0.117565
0.124311
0.111053
0.116144
0.122079
0.117318
0.121410
0.121144
0.109180
0.118609
0.139301
0.112993
0.117908
0.107241
0.123448
0.116884
0.108409
0.118141
0.122050
0.116952
0.133963
0.110998
0.117022
0.122497
0.111447
0.115353
0.115952
0.117469
0.119283
0.122438
0.135717
0.110162
0.115262
0.116589
0.109013
0.125500
0.108990
0.110976
0.116058
0.118114
0.125377
0.111260
0.115032
0.108825
0.125936
0.114583
0.127928
0.107730
0.107320
0.108658
0.101587
0.116709
0.104954
0.103013
0.113120
0.114071
0.109478
0.117798
0.108959
0.115201
0.152626
0.108948
0.113834
0.117265
0.123071
0.110289
0.116465
0.121892
0.109432
0.096641
0.112863
0.122539
0.113356
0.105005
0.120722
0.108524
0.110085
0.115590
0.111393
0.114737
0.104832
0.127027
0.117313
0.112481
0.112612
0.104566
0.109292
0.123287
0.112492
0.109048
0.121532
0.109509
0.122219
0.115710
0.121869
0.124323
0.117404
0.108395
0.125812
0.115640
0.124312
0.123289
0.111593
0.129202
0.119933
0.121865
0.113409
0.104178
0.111255
0.112329
0.135436
0.113620
0.109815
0.119990
0.110135
0.118118
0.110939
0.108288
0.111302
0.127240
0.114688
0.112761
0.108496
0.128450
0.115180
0.110801
0.100945
0.144551
0.126051
0.120811
0.116000
0.197042
0.173310
0.128563
0.158343
0.180942
0.126408
0.204152
0.136886
0.112472
0.123249
0.115843
0.108664
0.126794
0.110179
0.121913
0.105708
0.111672
0.108752
0.112683
0.111447
0.117844
0.121436
0.116715
0.151646
0.112283
0.108825
0.107401
0.111507
0.118041
0.100418
0.162987
0.118607
0.114542
0.115016
0.116236
0.147799
0.118180
0.141298
0.114222
0.115432
0.110139
0.115065
0.104384
0.118408
0.124128
0.110939
0.110296
0.127343
0.112617
0.119219
0.108547
0.120722
0.113560
0.154891
0.117526
0.124690
0.122569
0.139908
0.121614
0.111972
0.112021
0.131610
0.111813
0.137367
0.114013
0.108821
0.110408
0.119732
0.117786
0.119103
0.116832
0.110491
0.113012
0.110621
0.117525
0.115367
0.131322
0.110183
0.112539
0.111095
0.118814
0.129022
0.119828
0.121215
0.126463
0.115230
0.135182
0.118026
0.128786
0.108502
0.122651
0.115900
0.110385
0.124300
0.109405
0.118937
0.115844
0.112168
0.479104
0.302297
0.115512
0.148159
0.123241
0.114105
0.123325
0.109414
0.112521
0.100071
0.114416
0.121140
0.116229
0.133825
0.115805
0.122647
0.108500
0.119639
0.122080
0.125621
0.150307
0.127294
0.119019
0.107299
0.116681
0.118210
0.117420
0.114651
0.112459
0.113123
0.112777
0.113694
0.116809
0.119727
0.120022
0.123680
0.108639
0.110389
0.127761
0.129844
0.123584
0.119902
0.116352
0.128758
0.118036
0.118119
0.122743
0.103333
0.128613
0.115422
0.116522
0.118274
0.121975
0.107520
0.133053
0.122704
0.108595
0.133560
0.112659
0.103671
0.115730
0.107112
0.120877
0.116665
0.124652
0.112357
0.113823
0.115842
0.104644
0.112984
0.129129
0.109289
0.112311
0.127858
0.112598
0.107524
0.106603
0.110505
0.106760
0.151341
0.130915
0.112046
0.112136
0.124055
0.124678
0.119969
0.113502
0.110386
0.121478
0.101642
0.103586
0.115606
0.131131
0.110246
0.110475
0.112553
0.110426
0.118399
0.105491
0.112146
0.107427
0.108687
0.105084
0.116157
0.094233
0.099301
0.110696
0.104002
0.122193
0.107965
0.128008
0.128158
0.104205
0.111483
0.111311
0.124677
0.106498
0.112596
0.101410
0.112484
0.101804
0.106539
0.110129
0.122570
0.108499
0.118477
0.115943
0.192135
0.185458
0.149846
0.120869
0.153915
0.152422
0.137557
0.117446
0.126952
0.136172
0.136506
0.114805
0.116067
0.112945
0.121183
0.135477
0.120374
0.138960
0.119666
0.112033
0.115401
0.107423
0.111807
0.110726
0.130855
0.112591
0.114824
0.132468
0.118921
0.128604
0.125076
0.124535
0.110125
0.120901
0.114350
0.119751
0.111978
0.107942
0.117904
0.111310
0.115129
0.107231
0.114121
0.115145
0.104691
0.112090
0.111262
0.128793
0.113527
0.124061
0.108805
0.109979
0.114027
0.116133
0.119403
0.118886
0.115292
0.111427
0.141518
0.113607
0.136105
0.109233
0.109789
0.097046
0.115510
0.106777
0.116097
0.122895
0.112015
0.105464
0.103949
0.123798
0.118958
0.115928
0.107650
0.115009
0.113242
0.103494
0.109613
0.112475
0.127908
0.107834
0.109222
0.109092
0.110409
0.108524
0.114099
0.126915
0.109889
0.131433
0.107700
0.115999
0.112217
0.134206
0.119153
0.114110
0.118515
0.137473
0.129264
0.111016
0.114778
0.121963
0.120833
0.139729
0.150685
0.119042
0.114514
0.110295
0.123527
0.114443
0.113824
0.111388
0.132035
0.110880
0.115938
0.120094
0.481143
0.127166
0.120742
0.142413
0.114614
0.112278
0.117435
0.103566
0.116079
0.116857
0.123118
0.117635
0.118223
0.115213
0.110390
0.111894
0.112631
0.126936
0.116278
0.112019
0.114399
0.109691
0.114564
0.099909
0.121966
0.119301
0.111888
0.125763
0.115859
0.113873
0.116410
0.111298
0.114746
0.128612
0.114183
0.122786
0.109585
0.108467
0.107655
0.115406
0.111310
0.130655
0.130134
0.114721
0.127413
0.118837
0.113020
0.111519
0.119359
0.110885
0.116782
0.125462
0.125629
0.111216
0.112104
0.108541
0.125153
0.110455
0.128881
0.105569
0.112983
0.105884
0.105186
0.119386
0.121983
0.106718
0.101555
0.111405
0.113195
0.105729
0.102805
0.135603
0.102072
0.101863
0.106654
0.123679
0.119304
0.123533
0.124839
0.115503
0.107183
0.131704
0.113359
0.109458
0.113854
0.107948
0.109401
0.109295
0.136403
0.107144
0.111945
0.117914
0.112965
0.141870
0.102628
0.116250
0.108036
0.108886
0.108966
0.133461
0.117018
0.103337
0.095599
0.110967
0.118016
0.111798
0.107689
0.117880
0.130532
0.115110
0.334158
0.231145
0.286886
0.112640
0.107872
0.107563
0.115325
0.122726
0.136250
0.115420
0.114241
0.109421
0.108476
0.105683
0.109555
0.107013
0.126283
0.107672
0.106760
0.112541
0.104671
0.113009
0.130853
0.105371
0.132420
0.115189
0.111340
0.118794
0.113345
0.111116
0.121564
0.126881
0.115161
0.103420
0.115740
0.109767
0.107323
0.114259
0.104475
0.111009
0.109658
0.115965
0.114568
0.106769
0.109760
0.101618
0.105125
0.105780
0.105230
0.098631
0.106902
0.104470
0.099876
0.115073
0.121055
0.117950
0.108437
0.130896
0.112833
0.118485
0.110149
0.120776
0.131630
0.113174
0.112010
0.133214
0.116194
0.112204
0.115097
0.117058
0.110300
0.119209
0.121017
0.113452
0.121550
0.117137
0.109974
0.117951
0.111198
0.114774
0.117474
0.117773
0.111859
0.106988
0.107663
0.105644
0.121354
0.118379
0.110406
0.111448
0.153418
0.131898
0.121228
0.116368
0.107604
0.119369
0.115521
0.115228
0.117955
0.114352
0.112794
0.108489
0.128542
0.113024
0.111679
0.108457
0.129726
0.115628
0.151481
0.190006
0.128905
0.111668
0.107908
0.116679
0.111003
0.113104
0.121773
0.112160
0.111661
0.106658
0.114189
0.112312
0.115695
0.114723
0.120848
0.115849
0.116044
0.108386
0.129046
0.122435
0.126943
0.130650
0.112560
0.133067
0.118342
0.111206
0.117834
0.111944
0.107016
0.127334
0.112977
0.109070
0.127884
0.112433
0.101377
0.115822
0.106863
0.120390
0.137068
0.146488
0.170431
0.209987
0.168261
0.132387
0.131309
0.111993
0.132304
0.111493
0.111209
0.103077
0.113467
0.106885
0.115866
0.106878
0.105086
0.120423
0.112012
0.111119
0.121928
0.120084
0.135514
0.107530
0.109541
0.121999
0.112923
0.115803
0.107869
0.119236
0.114675
0.115650
0.125637
0.123412
0.131246
0.120263
0.116998
0.108239
0.111445
0.114370
0.115056
0.117223
0.107388
0.106716
0.125903
0.117883
0.106813
0.116963
0.125652
0.121044
0.119264
0.113064
0.123742
0.112299
0.120549
0.131286
0.123446
0.131605
0.125205
0.112731
0.108227
0.109446
0.129261
0.111053
0.113598
0.102493
0.116099
0.115672
0.115324
0.107787
0.118194
0.110498
0.109650
0.103895
0.118287
0.112689
0.106408
0.130042
0.115730
0.114046
0.122482
0.101200
0.107847
0.095421
0.136741
0.117197
0.112942
0.126934
0.113368
0.123323
0.115676
0.114839
0.118357
0.123708
0.115934
0.143776
0.118706
0.110173
0.113659
0.120109
0.141703
0.121876
0.112003
0.120060
0.108879
0.111316
0.116064
0.126216
0.111040
0.115229
0.109632
0.137390
0.114531
0.131487
0.114454
0.107774
0.118141
0.115102
0.131088
0.120931
0.110423
0.115721
0.132227
0.123287
0.125638
0.111004
0.114952
0.131943
0.103793
0.113111
0.122534
0.128650
0.110726
0.101097
0.135593
0.110254
0.108275
0.105523
0.125422
0.112084
0.111360
0.117359
0.130438
0.111344
0.113934
0.124428
0.110178
0.118063
0.100631
0.135961
0.190885
0.155928
0.150802
0.148664
0.108838
0.100669
0.107662
0.121226
0.115889
0.117288
0.111532
0.110368
0.133851
0.106988
0.101013
0.113116
0.118273
0.128480
0.119574
0.101115
0.105322
0.110328
0.111257
0.110747
0.113251
0.106100
0.103873
0.108369
0.105281
0.113001
0.127706
0.117468
0.107359
0.120369
0.121748
0.117233
0.122578
0.108514
0.134891
0.131557
0.134104
0.113491
0.113625
0.111629
0.118940
0.108734
0.124732
0.116353
0.105104
0.344957
0.448897
0.148109
0.139996
0.146255
0.113421
0.121805
0.112575
0.124846
0.100330
0.113418
0.115336
0.118931
0.108674
0.141483
0.105565
0.110573
0.110154
0.117201
0.130951
0.112605
0.161626
0.125671
0.128208
0.116790
0.119318
0.123919
0.120135
0.116511
0.142441
0.124692
0.137393
0.118728
0.127800
0.111974
0.131174
0.113269
0.126082
0.110276
0.137613
0.109890
0.115097
0.111213
0.122564
0.123385
0.116320
0.112962
0.112047
0.112476
0.110669
0.106704
0.111409
0.124193
0.119332
0.114434
0.107462
0.114581
0.118993
0.111973
0.118240
0.117768
0.122972
0.113312
0.112904
0.113450
0.107937
0.132339
0.129569
0.110564
0.119072
0.119792
0.130437
0.116792
0.114473
0.118152
0.133545
0.123711
0.111051
0.113887
0.124241
0.115447
0.123297
0.114519
0.121619
0.117454
0.115032
0.109654
0.122213
0.121065
0.124822
0.135290
0.111277
0.103850
0.113963
0.113656
0.117507
0.104101
0.121991
0.109057
0.118072
0.143785
0.112003
0.111883
0.116047
0.121075
0.112160
0.115210
0.108837
0.111542
0.110756
0.115136
0.107394
0.112364
0.108002
0.131608
0.108741
0.123021
0.111908
0.157791
0.131704
0.141819
0.111789
0.127749
0.110317
0.109526
0.112265
0.153142
0.124402
0.108373
0.108109
0.113560
0.130187
0.120898
0.115838
0.113579
0.117127
0.111013
0.129075
0.108403
0.198899
0.174842
0.151569
0.116405
0.122955
0.123784
0.114354
0.115776
0.110122
0.108450
0.107487
0.113354
0.136017
0.114921
0.110072
0.103329
0.109478
0.139208
0.118411
0.108102
0.110793
0.109377
0.111324
0.109183
0.113487
0.123189
0.119773
0.118257
0.367309
0.253654
0.141247
0.121907
0.111928
0.127598
0.131862
0.108449
0.125945
0.138485
0.114531
0.121979
0.112822
0.113740
0.115120
0.108427
0.110518
0.110578
0.119994
0.115559
0.122826
0.114450
0.128303
0.120765
0.098456
0.103065
0.108317
0.106527
0.109930
0.106430
0.119490
0.126573
0.108705
0.106388
0.097350
0.107258
0.106152
0.114148
0.109572
0.127708
0.116856
0.114585
0.111761
0.125916
0.108120
0.111979
0.107797
0.101879
0.129863
0.111033
0.106512
0.113841
0.143332
0.109072
0.116689
0.111224
0.113561
0.123827
0.108009
0.114838
0.110287
0.101943
0.117824
0.107329
0.123381
0.121210
0.127335
0.108707
0.104312
0.113290
0.122237
0.110236
0.110314
0.129293
0.124555
0.140469
0.129613
0.130108
0.110356
0.112072
0.121849
0.113398
0.111622
0.112068
0.110127
0.125176
0.108175
0.108601
0.106296
0.104356
0.114875
0.112315
0.118763
0.134570
0.129400
0.127048
0.111510
0.124279
0.135771
0.123542
0.120840
0.110023
0.111750
0.137106
0.112160
0.109905
0.109295
0.113228
0.116441
0.116581
0.112400
0.133393
0.113759
0.119107
0.146813
0.132792
0.133504
0.113750
0.125734
0.135832
0.112706
0.108596
0.117395
0.138943
0.117645
0.115942
0.118405
0.110896
0.114263
0.111529
0.113857
0.109451
0.109184
0.112455
0.120837
0.118303
0.114463
0.120668
0.127023
0.113249
0.116238
0.109121
0.112837
0.111675
0.112184
0.132826
0.113434
0.134807
0.125859
0.103987
0.162189
0.168488
0.152099
0.107818
0.118768
0.115166
0.138893
0.140805
0.114148
0.126467
0.140089
0.106490
0.120164
0.110059
0.106914
0.108088
0.117882
0.116066
0.110461
0.127521
0.110596
0.108091
0.122135
0.108278
0.111511
0.113332
0.114209
0.136758
0.140651
0.113153
0.120113
0.118762
0.333199
0.304903
0.127240
0.136032
0.121352
0.118629
0.122929
0.125785
0.117181
0.105266
0.116683
0.128915
0.134788
0.111060
0.111606
0.111957
0.111111
0.117951
0.117884
0.120777
0.125145
0.137590
0.109163
0.119941
0.140974
0.124044
0.117499
0.111139
0.120609
0.111085
0.113618
0.147412
0.114049
0.116425
0.117404
0.125159
0.105858
0.110539
0.117189
0.108110
0.112525
0.106693
0.102363
0.109936
0.097340
0.151954
0.112881
0.110400
0.102908
0.101455
0.110711
0.110800
0.130438
0.110958
0.104146
0.116104
0.107528
0.134276
0.109090
0.114538
0.131521
0.192699
0.153104
0.148722
0.125432
0.125948
0.129248
0.115035
0.124471
0.126359
0.124951
0.111572
0.112458
0.126089
0.112586
0.110692
0.131890
0.109814
0.113434
0.103422
0.118035
0.100908
0.110658
0.104145
0.124148
0.110446
0.108843
0.147940
0.113652
0.131824
0.114164
0.128104
0.114268
0.116068
0.124666
0.106112
0.115564
0.111412
0.116035
0.125077
0.158845
0.114565
0.103301
0.119948
0.119789
0.135290
0.117163
0.121559
0.124592
0.119820
0.123653
0.112482
0.109692
0.105955
0.113030
0.115845
0.129484
0.116884
0.112326
0.103577
0.111119
0.109593
0.202036
0.140896
0.168898
0.165120
0.143612
0.119840
0.110578
0.113627
0.126166
0.120055
0.120427
0.108738
0.117517
0.122775
0.108291
0.107832
0.125898
0.117071
0.109584
0.113269
0.101889
0.107243
0.126254
0.122851
0.120689
0.112269
0.170717
0.166717
0.151648
0.136052
0.128865
0.125643
0.129231
0.121711
0.113563
0.110790
0.111529
0.133019
0.124630
0.113885
0.122025
0.137649
0.114789
0.120427
0.117752
0.124805
0.124541
0.139172
0.131829
0.146942
0.129948
0.123371
0.128063
0.116764
0.119513
0.113857
0.125666
0.116676
0.150230
0.127649
0.153379
0.127050
0.123669
0.124616
0.148163
0.152369
0.134488
0.127587
0.125538
0.131358
0.118328
0.138275
0.114995
0.115822
0.121391
0.125078
0.123776
0.137278
0.106127
0.104661
0.123798
0.124507
0.111005
0.123124
0.116377
0.113943
0.113561
0.121245
0.114167
0.113279
0.122641
0.115038
0.114281
0.115655
0.117816
0.121736
0.113219
0.158623
0.159324
0.112489
0.112090
0.111684
0.129535
0.120006
0.122306
0.137002
0.126286
0.137041
0.116223
0.124609
0.110139
0.118209
0.119552
0.114373
0.110965
0.108469
0.135126
0.123646
0.138839
0.114462
0.111273
0.139891
0.120779
0.117852
0.125561
0.117530
0.120459
0.114863
0.108963
0.135691
0.112317
0.133636
0.110300
0.118155
0.129451
0.121804
0.113244
0.129327
0.120706
0.123632
0.123326
0.116008
0.120284
0.106880
0.121750
0.135740
0.119775
0.144910
0.139579
0.120527
0.117897
0.118073
0.111894
0.114005
0.118370
0.113143
0.115370
0.133204
0.115586
0.114241
0.127230
0.129735
0.103726
0.109749
0.108559
0.124272
0.103526
0.112912
0.109732
0.117266
0.106027
0.118715
0.110675
0.106164
0.122727
0.111191
0.112152
0.135450
0.110894
0.111187
0.109021
0.124752
0.114658
0.105227
0.109704
0.106059
0.100335
0.112568
0.140134
0.116068
0.168562
0.185992
0.125374
0.178360
0.202106
0.152623
0.108705
0.205937
0.162618
0.115236
0.109976
0.113470
0.136509
0.118112
0.121037
0.137061
0.111212
0.104615
0.105223
0.111622
0.112921
0.109899
0.107313
0.107111
0.103830
0.105314
0.106192
0.107775
0.109169
0.124582
0.114782
0.120515
0.109922
0.106099
0.107371
0.106708
0.111579
0.118467
0.114994
0.122112
0.120968
0.132091
0.113974
0.135810
0.116410
0.111832
0.138866
0.117906
0.128727
0.117629
0.137264
0.102814
0.112558
0.125435
0.130273
0.145275
0.124022
0.121168
0.137029
0.112757
0.123331
0.260670
0.349007
0.114194
0.131614
0.123391
0.111141
0.114666
0.136436
0.114017
0.107567
0.109391
0.107286
0.096373
0.121216
0.105902
0.129934
0.126813
0.116197
0.099092
0.130543
0.121301
0.123448
0.134869
0.124015
0.114129
0.105582
0.113146
0.117545
0.126437
0.125609
0.123424
0.128825
0.132619
0.145976
0.112584
0.118102
0.158355
0.121966
0.132909
0.125616
0.116882
0.172539
0.118019
0.112429
0.122426
0.107791
0.106217
0.117376
0.106857
0.130332
0.114029
0.366241
0.309004
0.129656
0.123764
0.127171
0.114277
0.115278
0.114910
0.140997
0.129080
0.127130
0.127375
0.116739
0.151368
0.158836
0.116252
0.120056
0.120557
0.124694
0.149203
0.133690
0.115964
0.141216
0.115145
0.127953
0.108050
0.104345
0.132873
0.119492
0.121021
0.110996
0.112441
0.122628
0.108478
0.126145
0.119669
0.114139
0.109057
0.111527
0.137852
0.113020
0.104414
0.131575
0.131736
0.115484
0.114665
0.113598
0.129764
0.110612
0.113399
0.124900
0.141978
0.126023
0.131844
0.136350
0.117662
0.121497
0.120886
0.111780
0.127087
0.122130
0.114595
0.113889
0.116561
0.130279
0.119316
0.109260
0.140306
0.124941
0.122481
0.108762
0.132440
0.114638
0.128246
0.115570
0.110695
0.122598
0.116836
0.112431
0.112347
0.125138
0.123349
0.107918
0.113546
0.134198
0.113594
0.115273
0.114753
0.103352
0.109516
0.109995
0.116006
0.131565
0.174484
0.138886
0.125885
0.139123
0.177626
0.196119
0.113445
0.114768
0.133545
0.125354
0.129640
0.111983
0.113144
0.113857
0.113306
0.129719
0.111360
0.124009
0.137240
0.117258
0.112960
0.109235
0.104513
0.114433
0.119739
0.119169
0.129760
0.120992
0.113638
0.118290
0.121405
0.114142
0.102564
0.109229
0.109740
0.118017
0.111364
0.132487
0.114876
0.119575
0.123957
0.147786
0.129194
0.120802
0.124612
0.136705
0.121800
0.114550
0.118185
0.108576
0.121575
0.109420
0.113136
0.113278
0.105454
0.110056
0.105641
0.115071
0.116996
0.111704
0.114361
0.108242
0.125791
0.129469
0.113920
0.099798
0.122521
0.114258
0.103238
0.220067
0.171421
0.127332
0.124417
0.111836
0.121882
0.118213
0.122469
0.123748
0.107087
0.122764
0.134303
0.113627
0.111381
0.115934
0.131171
0.135866
0.119764
0.143830
0.127777
0.126318
0.132564
0.130115
0.108202
0.114537
0.149918
0.131425
0.119272
0.120743
0.118750
0.112124
0.120935
0.122336
0.113377
0.109219
0.118524
0.111079
0.107537
0.128054
0.133920
0.125490
0.115320
0.106399
0.107925
0.121529
0.104089
0.109315
0.108012
0.099831
0.135127
0.117302
0.123387
0.114490
0.181062
0.167533
0.122753
0.250998
0.137156
0.129320
0.131697
0.122837
0.132941
0.131753
0.118832
0.119121
0.155112
0.114114
0.110353
0.104157
0.122924
0.121112
0.112030
0.112034
0.115220
0.101330
0.105233
0.108049
0.107088
0.110947
0.119501
0.109622
0.101904
0.109173
0.103882
0.101301
0.127712
0.135106
0.116796
0.115913
0.109644
0.114038
0.113524
0.125280
0.108536
0.105087
0.110856
0.115109
0.119984
0.125291
0.114010
0.139795
0.111084
0.106771
0.121422
0.130775
0.114696
0.113375
0.110446
0.105990
0.126565
0.132398
0.122588
0.134556
0.123577
0.127713
0.133672
0.127764
0.116895
0.135545
0.115133
0.121812
0.126428
0.121025
0.127929
0.120973
0.135854
0.134309
0.118990
0.122778
0.110744
0.117471
0.112765
0.134955
0.120313
0.124903
0.118549
0.134159
0.167764
0.131048
0.128417
0.126929
0.145211
0.121472
0.139131
0.142589
0.135138
0.127520
0.126080
0.166381
0.121349
0.119992
0.127435
0.116557
0.130498
0.127511
0.119393
0.114688
0.123690
0.127349
0.120229
0.117640
0.123292
0.120338
0.118567
0.141218
0.122985
0.115560
0.116090
0.119413
0.309966
0.260321
0.147797
0.144498
0.123531
0.155587
0.116561
0.139974
0.120804
0.124846
0.125197
0.122576
0.134866
0.137805
0.144145
0.128210
0.138599
0.136676
0.119331
0.117390
0.108754
0.141515
0.125599
0.126092
0.131369
0.137645
0.126612
0.136530
0.136729
0.134766
0.130668
0.118679
0.135082
0.121067
0.117903
0.121993
0.122051
0.130936
0.112005
0.119842
0.130727
0.114396
0.118110
0.114220
0.118677
0.123020
0.118973
0.112305
0.128267
0.171166
0.126599
0.128736
0.152569
0.157953
0.129288
0.130117
0.137321
0.147335
0.123131
0.125612
0.127249
0.123379
0.140106
0.117301
0.116515
0.130987
0.125040
0.125905
0.121945
0.119658
0.117834
0.122978
0.113811
0.115912
0.120794
0.116644
0.116672
0.118121
0.119235
0.119931
0.136028
0.127085
0.119368
0.116813
0.126540
0.118809
0.131111
0.124996
0.131565
0.116125
0.140954
0.127252
0.141357
0.135572
0.136014
0.147504
0.118720
0.114879
0.130129
0.113460
0.128278
0.118313
0.118417
0.123579
0.137222
0.111229
0.127781
0.114240
0.102191
0.137261
0.117470
0.114459
0.115613
0.122368
0.119482
0.114835
0.125867
0.132643
0.112309
0.116671
0.118928
0.111874
0.124175
0.112704
0.122766
0.130913
0.123057
0.114953
0.113678
0.120066
0.110942
0.111414
0.125911
0.118556
0.116542
0.308688
0.164329
0.145477
0.113164
0.116681
0.153031
0.115829
0.134037
0.128801
0.137640
0.112621
0.129228
0.118773
0.111014
0.126500
0.108218
0.123357
0.138892
0.120355
0.136425
0.119711
0.126002
0.128076
0.105699
0.109294
0.095088
0.122250
0.124522
0.111820
0.105782
0.103503
0.098151
0.099186
0.109927
0.095473
0.128210
0.107065
0.127059
0.123910
0.131874
0.112954
0.128999
0.122838
0.132583
0.112144
0.112031
0.118048
0.141214
0.104030
0.102863
0.120412
0.114509
0.114558
0.112935
0.107287
0.111694
0.109748
0.107031
0.114182
0.108776
0.118297
0.110211
0.107845
0.111168
0.108313
0.121312
0.114852
0.110806
0.131126
0.125254
0.114995
0.124316
0.125869
0.146287
0.122589
0.114430
0.114130
0.124512
0.119822
0.141603
0.156344
0.126875
0.120772
0.119234
0.121215
0.135920
0.115185
0.124381
0.119222
0.121588
0.117347
0.110125
0.116028
0.108312
0.112566
0.121180
0.115801
0.123473
0.127351
0.110740
0.133436
0.106112
0.131114
0.103672
0.109803
0.130471
0.105031
0.134040
0.113331
0.114176
0.115029
0.154425
0.182526
0.140112
0.143433
0.133746
0.218924
0.211592
0.111993
0.116648
0.115816
0.120591
0.114051
0.114306
0.149422
0.114311
0.146508
0.113640
0.113329
0.113349
0.119334
0.128220
0.117902
0.114558
0.121756
0.107705
0.117710
0.117116
0.115807
0.118119
0.115179
0.117486
0.119361
0.121727
0.125214
0.111446
0.113793
0.107138
0.110374
0.372407
0.134271
0.120741
0.121452
0.121281
0.121143
0.135654
0.118074
0.112441
0.113078
0.110214
0.110050
0.114759
0.128627
0.117000
0.130857
0.187648
0.154563
0.172964
0.142092
0.132225
0.129654
0.112971
0.119805
0.117371
0.109636
0.117508
0.134641
0.122367
0.104326
0.108861
0.118257
0.110656
0.124228
0.104865
0.126826
0.103318
0.126125
0.113803
0.121584
0.123738
0.107416
0.107061
0.116028
0.133544
0.113150
0.128945
0.119816
0.124040
0.106760
0.130304
0.111502
0.120052
0.113123
0.189665
0.120038
0.148726
0.161790
0.140466
0.114168
0.121094
0.112707
